000067 0.8305734992027283 47.99044418334961 80.0799560546875 449.0172119140625 190.33006286621094
000216 0.6982751488685608 214.40174865722656 171.37149047851562 276.494384765625 220.6629638671875
000216 0.41810768842697144 218.9326629638672 151.4422607421875 264.2041320800781 208.54638671875
000243 0.6964508891105652 195.517822265625 132.4020233154297 295.45758056640625 196.91390991210938
000260 0.9338716268539429 69.81292724609375 100.63052368164062 447.4319152832031 241.7556610107422
000316 0.35519883036613464 354.9826354980469 162.45037841796875 434.62054443359375 213.4698028564453
000316 0.3092168867588043 274.7753601074219 162.4998016357422 366.7602233886719 224.36322021484375
000375 0.16118988394737244 142.6451873779297 156.5630340576172 346.9337158203125 296.95391845703125
000418 0.15538378059864044 95.19190216064453 91.90313720703125 417.0359191894531 286.6228942871094
000473 0.18447278439998627 138.3529052734375 130.5970916748047 364.25469970703125 250.17807006835938
000521 0.16164946556091309 256.3868408203125 100.17835998535156 380.58489990234375 247.36033630371094
000618 0.30000197887420654 80.80384063720703 68.8681869506836 428.4012145996094 238.75650024414062
000618 0.18125908076763153 149.22496032714844 52.34856414794922 366.63690185546875 183.26954650878906
000618 0.11759255081415176 230.67820739746094 43.401832580566406 413.679931640625 169.11300659179688
000665 0.7418166995048523 161.71383666992188 188.59251403808594 324.078125 255.49635314941406
000668 0.11644674092531204 46.629520416259766 113.78536987304688 451.8062438964844 240.92758178710938
000696 0.4017770290374756 67.3322982788086 111.9590835571289 442.3004455566406 222.94436645507812
000706 0.34445157647132874 168.10586547851562 167.14614868164062 218.82373046875 214.60140991210938
000706 0.26994940638542175 222.37498474121094 175.8751678466797 255.67031860351562 199.6649169921875
000706 0.18913353979587555 224.56961059570312 199.2557830810547 267.7477111816406 234.6501007080078
000706 0.12683290243148804 206.80377197265625 169.87477111816406 246.80239868164062 196.6182098388672
000817 0.2845601737499237 180.89064025878906 105.15348815917969 313.5653991699219 179.89256286621094
000846 0.6110360026359558 205.05487060546875 183.3312530517578 253.63296508789062 209.8513641357422
000846 0.3600597381591797 171.3994903564453 202.0786590576172 211.0013885498047 233.4071807861328
000846 0.2910974323749542 205.997802734375 172.30877685546875 264.4165344238281 205.52890014648438
000846 0.12390623986721039 271.60089111328125 192.71763610839844 329.67486572265625 219.05618286132812
000852 0.20019319653511047 39.21452331542969 32.35181427001953 475.1337890625 198.70567321777344
000968 0.9188594222068787 24.59271240234375 101.31138610839844 466.0481872558594 224.12554931640625
000976 0.14314904808998108 139.6641082763672 123.74273681640625 364.543701171875 317.8587646484375
001153 0.10045458376407623 106.66593170166016 132.03518676757812 381.38104248046875 255.95574951171875
001165 0.10616036504507065 93.30401611328125 253.0692901611328 231.029052734375 388.0506286621094
001223 0.8604102730751038 16.026527404785156 103.19525909423828 479.8614196777344 242.47540283203125
001305 0.4651613235473633 86.931884765625 103.62159729003906 400.162353515625 236.147705078125
001373 0.9103378057479858 43.02360534667969 85.80776977539062 469.249267578125 210.57052612304688
001433 0.3436952829360962 97.3801498413086 101.08338928222656 397.7769470214844 264.1924743652344
001474 0.15736979246139526 134.84129333496094 78.63650512695312 357.20452880859375 140.29788208007812
001505 0.1943483203649521 251.578369140625 144.5045166015625 371.56048583984375 228.5834503173828
001547 0.9078465700149536 42.8978385925293 108.83277130126953 458.14215087890625 237.08180236816406
001568 0.2610721290111542 73.95409393310547 73.43628692626953 332.3408508300781 323.2949523925781
001621 0.35432174801826477 36.4088134765625 82.03861236572266 465.51519775390625 303.5342712402344
001660 0.5258751511573792 116.48668670654297 116.00343322753906 402.2018127441406 199.87030029296875
001698 0.2030143141746521 92.78422546386719 91.92135620117188 395.5063171386719 259.6562194824219
001737 0.4737450182437897 30.335664749145508 45.41630554199219 455.112060546875 331.203857421875
001783 0.2285120189189911 113.0460205078125 133.43194580078125 383.448486328125 240.9440155029297
001848 0.7606725096702576 137.82472229003906 102.5 355.3252258300781 196.8188934326172
001884 0.17270313203334808 94.17642974853516 135.619873046875 421.1856384277344 243.26303100585938
001912 0.9616835117340088 29.923812866210938 91.94396209716797 466.400634765625 247.06788635253906
001929 0.2004978358745575 187.67230224609375 152.45755004882812 325.04119873046875 213.73292541503906
001994 0.3288249969482422 139.07350158691406 129.44906616210938 383.7705993652344 223.80636596679688
001996 0.36513054370880127 21.86907958984375 73.03788757324219 462.65924072265625 242.87039184570312
002007 0.3656662404537201 161.2333984375 144.87887573242188 322.6779479980469 238.2005157470703
002014 0.5051131844520569 137.9998321533203 139.0957794189453 226.39663696289062 210.79934692382812
002052 0.6357247233390808 48.10896682739258 100.96112823486328 468.39862060546875 240.82896423339844
002057 0.15531371533870697 67.36943054199219 66.3133544921875 430.01959228515625 272.0762634277344
002089 0.8190471529960632 179.54600524902344 145.74244689941406 306.6601867675781 199.93161010742188
002110 0.48952412605285645 60.43961715698242 102.54117584228516 422.8562316894531 225.09764099121094
002157 0.9194544553756714 30.75264549255371 93.82283782958984 459.83251953125 208.01358032226562
002217 0.7807745337486267 20.529539108276367 49.19624328613281 465.917724609375 289.7851867675781
002225 0.29476645588874817 82.70134735107422 70.2341537475586 416.20477294921875 296.26385498046875
002246 0.2512584626674652 47.108970642089844 78.793212890625 287.8834533691406 439.4845275878906
002357 0.2705506682395935 47.852012634277344 85.3075942993164 426.9222106933594 288.0336608886719
002395 0.2804107367992401 69.33647918701172 104.27545166015625 417.7708740234375 278.6976318359375
002467 0.9748595356941223 26.672245025634766 127.58013916015625 470.5823669433594 255.9911651611328
002474 0.18750883638858795 97.68994140625 166.41903686523438 234.56439208984375 308.06317138671875
002619 0.3420201241970062 35.844825744628906 57.49230194091797 327.10723876953125 447.69622802734375
002661 0.8928672075271606 31.378210067749023 116.77123260498047 474.548583984375 218.78515625
002703 0.11312328279018402 137.995361328125 132.39869689941406 349.3599548339844 256.68359375
002707 0.6948860883712769 78.6619644165039 117.2428970336914 419.6842956542969 224.1998748779297
002719 0.23506765067577362 82.03573608398438 104.54945373535156 418.18682861328125 280.5001220703125
002754 0.8870025277137756 65.57178497314453 99.49148559570312 420.5792541503906 198.5266876220703
002822 0.13834647834300995 178.74826049804688 86.66593170166016 298.8332824707031 163.06307983398438
002822 0.10710461437702179 133.9996795654297 127.2394790649414 248.71023559570312 238.62075805664062
002843 0.11733756959438324 273.7322998046875 90.50004577636719 384.3958435058594 160.94761657714844
002851 0.1301075965166092 244.5175323486328 91.91667175292969 407.8987121582031 227.1251983642578
002851 0.10942398756742477 113.48067474365234 94.42292785644531 393.6484069824219 229.74681091308594
002908 0.3036608397960663 201.58413696289062 128.7217254638672 299.8443908691406 212.41395568847656
002949 0.2651107907295227 76.37691497802734 104.52337646484375 423.87213134765625 250.17662048339844
003037 0.10244275629520416 81.877197265625 89.6720962524414 438.21380615234375 274.9041442871094
003144 0.30879461765289307 75.62075805664062 138.91357421875 427.9046936035156 217.7659912109375
003160 0.36451107263565063 60.1680908203125 90.97933959960938 440.8966979980469 307.444580078125
003209 0.39019039273262024 122.27326965332031 118.51713562011719 371.1179504394531 206.68560791015625
003230 0.4201391339302063 146.86996459960938 141.0257568359375 364.6175231933594 235.8544158935547
003230 0.1331140249967575 228.8785858154297 148.78863525390625 393.0851135253906 230.63522338867188
003268 0.23243455588817596 43.157222747802734 91.79781341552734 470.24560546875 258.3757019042969
003372 0.45431095361709595 204.13900756835938 148.67156982421875 277.88739013671875 197.1737823486328
003381 0.9106793999671936 34.13132095336914 111.30843353271484 460.69097900390625 231.90476989746094
003445 0.9082846641540527 34.02821731567383 109.6415023803711 458.40899658203125 217.10870361328125
003494 0.24202841520309448 90.0317611694336 108.31917572021484 421.776611328125 278.09967041015625
003498 0.11808773130178452 100.33841705322266 135.04600524902344 258.192626953125 250.2189483642578
003574 0.9554691910743713 21.498308181762695 100.22163391113281 469.9673767089844 225.0673065185547
003823 0.7874196767807007 53.5546989440918 105.09129333496094 446.78277587890625 217.1809844970703
004078 0.20988106727600098 115.81903839111328 120.51651763916016 382.6679992675781 266.60888671875
004153 0.9152302145957947 37.604244232177734 94.957763671875 452.4906921386719 215.7499542236328
004199 0.8850628733634949 41.272300720214844 106.64842224121094 458.82275390625 223.09934997558594
004278 0.11704032123088837 104.44466400146484 120.01660919189453 409.2209777832031 248.76608276367188
004314 0.9516897797584534 17.04844856262207 79.40042877197266 490.24658203125 255.27142333984375
004374 0.24254745244979858 191.9929656982422 169.8238067626953 283.4654235839844 205.11407470703125
004377 0.120856374502182 167.310791015625 146.40135192871094 317.1700744628906 238.7059326171875
004398 0.4221920073032379 70.20226287841797 117.00442504882812 425.79522705078125 238.68528747558594
004477 0.14153550565242767 121.1160659790039 175.05242919921875 244.05117797851562 220.74935913085938
004477 0.1383536159992218 187.9453582763672 165.7764892578125 303.5772705078125 212.9710235595703
004513 0.6210959553718567 209.02182006835938 158.2335968017578 278.6098937988281 212.15435791015625
004533 0.2021445482969284 193.86602783203125 182.0100555419922 318.6582336425781 248.3406219482422
004556 0.598523736000061 26.04319190979004 94.35504913330078 483.7989807128906 251.9506072998047
004645 0.9504890441894531 24.083852767944336 94.07933807373047 482.6109619140625 250.783447265625
004680 0.8573848605155945 135.933349609375 150.67933654785156 327.35748291015625 242.8308563232422
004774 0.14397285878658295 109.21028900146484 95.77928924560547 259.5101013183594 249.00401306152344
004824 0.29465195536613464 117.79532623291016 82.62964630126953 367.3664245605469 238.6715850830078
004906 0.2580650746822357 125.49565887451172 103.41708374023438 258.5437927246094 226.37405395507812
004906 0.11939159780740738 185.3688201904297 119.29692840576172 299.5714111328125 207.3328857421875
004988 0.118881456553936 93.70755004882812 82.50041198730469 425.9743957519531 276.40478515625
005008 0.8246023654937744 80.98725128173828 106.90396881103516 404.14013671875 224.4468994140625
005076 0.6359399557113647 44.3878173828125 89.17042541503906 464.46148681640625 253.5811004638672
005106 0.1223624050617218 118.39701080322266 145.99777221679688 255.22430419921875 250.4949493408203
005213 0.16491873562335968 109.51029205322266 114.44701385498047 390.85516357421875 248.77999877929688
005213 0.11719529330730438 235.16622924804688 67.52983856201172 412.3034973144531 200.4709930419922
005234 0.5354154706001282 74.0950927734375 126.09514617919922 426.2799072265625 268.3865051269531
005238 0.9608986377716064 13.825983047485352 94.07086944580078 481.9349060058594 218.795654296875
005249 0.672157883644104 20.277578353881836 82.5850830078125 347.1568908691406 432.65130615234375
005332 0.10799860954284668 259.29254150390625 121.27401733398438 376.0768737792969 207.28843688964844
005392 0.29915016889572144 97.28305053710938 82.92305755615234 408.34014892578125 255.89065551757812
005402 0.13670338690280914 152.52841186523438 101.379638671875 373.8287658691406 246.01943969726562
005458 0.5821021795272827 102.8489761352539 121.54661560058594 399.36309814453125 216.61074829101562
005458 0.20717169344425201 234.1875457763672 133.46778869628906 382.99530029296875 217.2000732421875
005529 0.14224554598331451 254.86688232421875 142.904541015625 389.871337890625 228.30345153808594
005537 0.10983767360448837 71.52469635009766 114.78202819824219 425.99761962890625 282.8779296875
005575 0.935160219669342 7.032782077789307 94.51241302490234 468.2272644042969 292.27374267578125
005633 0.7704741358757019 78.73876953125 84.74569702148438 428.0725402832031 220.0485382080078
005633 0.11133728176355362 148.80508422851562 74.98809814453125 375.01129150390625 175.40655517578125
005642 0.19743207097053528 121.6021728515625 93.50473022460938 369.59454345703125 274.3873596191406
005678 0.3660345673561096 59.51885986328125 37.99274444580078 439.2622375488281 327.13641357421875
005927 0.589552104473114 72.85436248779297 128.36546325683594 436.9292297363281 270.90570068359375
005927 0.14058570563793182 248.4154510498047 97.50563049316406 397.7550354003906 179.3000030517578
005987 0.5594345927238464 83.78836059570312 67.20752716064453 414.247802734375 273.2890930175781
006024 0.5551765561103821 23.2052059173584 110.15684509277344 472.8354797363281 233.84173583984375
006051 0.12615670263767242 124.77606201171875 121.38446807861328 238.1338348388672 225.9817352294922
006051 0.12278997898101807 170.47727966308594 168.38037109375 343.3434143066406 251.3555450439453
006051 0.10069353133440018 249.15670776367188 121.79762268066406 381.1536560058594 218.5006866455078
006081 0.10657130181789398 142.2078094482422 162.4635467529297 222.09173583984375 332.4178466796875
006263 0.9627882242202759 29.93872833251953 91.13385772705078 452.64678955078125 218.1036834716797
006294 0.817925214767456 69.58218383789062 115.60968017578125 430.8251037597656 233.5260772705078
006328 0.1207844540476799 113.93828582763672 115.23038482666016 248.9549560546875 265.21307373046875
006347 0.5506131052970886 72.5548324584961 103.82035827636719 425.7109680175781 236.27194213867188
006406 0.4074074327945709 128.33937072753906 111.3913803100586 390.52386474609375 242.8362579345703
006406 0.14347314834594727 263.4231262207031 125.64065551757812 380.35784912109375 223.4607696533203
006406 0.1363937109708786 258.1003723144531 87.49354553222656 386.7416076660156 173.9011688232422
006406 0.12329956144094467 166.0700225830078 105.15850067138672 321.4931945800781 171.7805938720703
006406 0.1168912723660469 330.8089294433594 88.48838806152344 433.5077209472656 157.8531036376953
006406 0.11670606583356857 46.94338607788086 136.0533905029297 167.5785369873047 213.9551544189453
006406 0.10955360531806946 111.00303649902344 126.27064514160156 238.43710327148438 229.71487426757812
006406 0.10149675607681274 42.43842315673828 176.7450714111328 164.67205810546875 269.88531494140625
006533 0.5361303687095642 199.3394775390625 155.30709838867188 293.2717590332031 195.36276245117188
006533 0.3073466718196869 197.27793884277344 139.55133056640625 286.1329345703125 183.1714630126953
006533 0.1306939721107483 184.18309020996094 172.31918334960938 319.13720703125 237.47853088378906
006533 0.11439836025238037 259.0810546875 148.75135803222656 354.6846008300781 194.63641357421875
006592 0.321285605430603 92.27803802490234 133.640869140625 417.9382019042969 252.3588409423828
006592 0.13697434961795807 233.04356384277344 141.1956787109375 392.9404602050781 234.65203857421875
006594 0.12229721248149872 81.03115844726562 140.62393188476562 241.12400817871094 371.6712646484375
006651 0.4917638599872589 94.61011505126953 115.95348358154297 402.9555358886719 242.56202697753906
006752 0.4942735731601715 207.81903076171875 146.55319213867188 293.7453918457031 224.32044982910156
006888 0.6016687154769897 123.53404998779297 100.490966796875 351.95184326171875 222.3097686767578
006888 0.11459735780954361 253.9209747314453 78.37957763671875 391.2238464355469 164.45855712890625
006925 0.1467248499393463 200.5255889892578 151.5858917236328 298.285888671875 209.98353576660156
006946 0.788104236125946 11.347725868225098 32.964027404785156 478.48638916015625 314.0146179199219
007026 0.36951354146003723 145.14816284179688 109.53009033203125 362.033203125 218.8252410888672
007091 0.12534189224243164 127.47509002685547 151.56434631347656 241.07106018066406 245.0651092529297
007096 0.9240995645523071 61.354835510253906 121.77072143554688 452.7513122558594 208.12045288085938
007135 0.12314104288816452 138.54185485839844 109.03384399414062 364.9652404785156 214.14170837402344
007155 0.9040130972862244 57.1447639465332 126.22465515136719 427.3089904785156 279.9324951171875
007157 0.7525085806846619 79.79546356201172 129.00967407226562 415.741943359375 250.47132873535156
007157 0.12373114377260208 105.77059173583984 150.6680450439453 363.0728759765625 318.24072265625
007164 0.4016965925693512 44.03691101074219 97.08368682861328 448.9208068847656 254.74728393554688
007169 0.15851925313472748 136.81687927246094 139.21243286132812 369.236083984375 217.77688598632812
007173 0.19050906598567963 89.22337341308594 94.48248291015625 400.8699951171875 294.0558166503906
007262 0.6193110346794128 90.91999053955078 114.54843139648438 385.93109130859375 218.14910888671875
007262 0.18015021085739136 121.9340591430664 128.08656311035156 267.49627685546875 216.19883728027344
007267 0.3900608420372009 140.04246520996094 105.1104507446289 372.783447265625 182.58456420898438
007267 0.11424235999584198 253.7786407470703 113.3194808959961 367.8863220214844 181.27976989746094
007267 0.1135045513510704 128.2855682373047 118.63042449951172 224.7166748046875 198.12939453125
007286 0.1490551382303238 153.75628662109375 40.24660110473633 346.8025817871094 277.8103942871094
007290 0.6269388794898987 108.31568908691406 146.57154846191406 392.08062744140625 209.95867919921875
007341 0.1619385927915573 78.68400573730469 101.48857879638672 405.0840148925781 279.8883361816406
007352 0.1789451390504837 74.51920318603516 124.67699432373047 433.4494323730469 278.1129150390625
007403 0.17009948194026947 61.17122268676758 139.8905029296875 146.96255493164062 241.4047393798828
007403 0.15874668955802917 103.0195083618164 142.36676025390625 252.69207763671875 252.23814392089844
007403 0.1428379863500595 155.32162475585938 138.678466796875 323.31475830078125 248.738525390625
007502 0.2202325165271759 130.23727416992188 104.73104095458984 252.27357482910156 242.09689331054688
007502 0.17267368733882904 178.52528381347656 109.04448699951172 298.8902893066406 226.19039916992188
007548 0.3345872759819031 119.44926452636719 95.70568084716797 385.87530517578125 264.353271484375
007641 0.27552834153175354 72.24028778076172 161.5359649658203 233.4420166015625 337.62939453125
007676 0.1890929788351059 120.2289047241211 104.08382415771484 384.5819091796875 231.60719299316406
007698 0.46156811714172363 193.4629669189453 148.9508819580078 297.44879150390625 201.24124145507812
007825 0.7457740902900696 53.065616607666016 119.52799224853516 443.83209228515625 219.91200256347656
007837 0.7179808020591736 76.34989929199219 122.50940704345703 422.217529296875 259.9002990722656
007973 0.8087775111198425 100.296875 126.58786010742188 384.9989318847656 194.4036102294922
007993 0.9335295557975769 38.28935241699219 87.35440063476562 471.85748291015625 255.67845153808594
007995 0.6922007203102112 62.81032180786133 112.20977783203125 424.7276916503906 199.11544799804688
008016 0.6131205558776855 141.18243408203125 113.45458221435547 356.01531982421875 195.21444702148438
008016 0.14172282814979553 64.4600601196289 139.6830596923828 165.43722534179688 190.8983917236328
008016 0.12628456950187683 267.4651794433594 138.40811157226562 366.79302978515625 180.82960510253906
008020 0.10979995876550674 112.42206573486328 126.93388366699219 390.18115234375 250.7489471435547
008352 0.12609024345874786 70.59505462646484 55.324737548828125 442.46636962890625 272.575439453125
008412 0.24666178226470947 81.43333435058594 113.45401000976562 423.1217956542969 209.85011291503906
008440 0.2536790668964386 66.30435943603516 90.34001159667969 447.38916015625 283.651611328125
008459 0.4987240731716156 105.64559936523438 130.6176300048828 393.086669921875 244.6456756591797
008459 0.18376973271369934 257.7538757324219 158.21112060546875 387.21893310546875 219.31016540527344
008459 0.10698705166578293 341.2911071777344 144.81581115722656 463.7531433105469 240.4532470703125
008481 0.2680051028728485 99.96646881103516 88.46294403076172 401.03985595703125 263.1678466796875
008537 0.4429836571216583 43.053123474121094 85.74124145507812 436.6837463378906 294.2093811035156
008554 0.14565664529800415 111.13492584228516 113.16951751708984 389.131103515625 221.476318359375
008589 0.13022950291633606 183.6910858154297 122.0574722290039 319.13275146484375 213.81077575683594
008625 0.175359845161438 245.84912109375 106.7149887084961 389.1326904296875 175.37008666992188
008669 0.4150448739528656 121.70021057128906 109.33428955078125 388.25543212890625 225.14794921875
008714 0.711508572101593 19.601181030273438 43.32391357421875 451.16815185546875 298.6109619140625
008761 0.22276924550533295 62.7173957824707 65.99934387207031 431.005615234375 313.1667785644531
008791 0.8926208019256592 45.46837615966797 113.84300994873047 461.7398986816406 211.69163513183594
008825 0.19957077503204346 253.40322875976562 127.90396118164062 400.3507080078125 206.130615234375
008825 0.17852742969989777 163.8574676513672 124.77381134033203 340.1780090332031 216.9482421875
008825 0.11742337793111801 110.33853912353516 117.55921936035156 240.90048217773438 220.2133331298828
008881 0.5546082854270935 250.9771728515625 117.28060913085938 367.5674133300781 218.3699493408203
008950 0.11033443361520767 138.9738311767578 68.84857177734375 343.5297546386719 239.5955047607422
008986 0.10127317905426025 47.608646392822266 100.52526092529297 452.2521667480469 287.51434326171875
009030 0.41443389654159546 42.161643981933594 92.26306915283203 448.696533203125 270.40960693359375
009083 0.10452578961849213 66.6858139038086 137.9954833984375 434.46160888671875 285.3515930175781
009167 0.9302304983139038 46.51411056518555 96.89583587646484 439.7589416503906 231.7863006591797
009211 0.9241729378700256 181.42735290527344 145.04795837402344 294.2337951660156 195.34002685546875
009211 0.19857650995254517 134.61924743652344 138.97496032714844 253.573974609375 205.16104125976562
009262 0.7024173140525818 50.34431838989258 91.6572265625 450.7755126953125 241.99937438964844
009332 0.37452489137649536 35.17087936401367 106.5291976928711 300.6412658691406 380.8290100097656
009553 0.792062520980835 190.46189880371094 145.60263061523438 274.37799072265625 176.19357299804688
009553 0.30889010429382324 278.31866455078125 146.57118225097656 340.16156005859375 184.12586975097656
009553 0.2219303697347641 152.3274688720703 154.00677490234375 220.08575439453125 208.83212280273438
009553 0.1572473645210266 357.5285949707031 148.73484802246094 439.1974182128906 190.964599609375
009553 0.14555111527442932 194.55274963378906 179.62066650390625 299.33648681640625 221.31748962402344
009553 0.13954614102840424 360.6546630859375 98.60770416259766 407.7857666015625 145.3447265625
009608 0.16820114850997925 112.6445541381836 100.9066162109375 262.16864013671875 249.02578735351562
009769 0.48310387134552 47.65120315551758 139.0428466796875 433.08770751953125 366.3546447753906
009824 0.37106606364250183 128.65618896484375 127.27169036865234 368.08514404296875 204.5821990966797
009835 0.3343537449836731 57.62374496459961 87.51985931396484 426.4681091308594 283.9813537597656
009838 0.1298762708902359 129.99346923828125 111.93165588378906 355.94049072265625 234.15455627441406
009876 0.3185591697692871 80.12761688232422 75.62479400634766 416.6047058105469 243.9312744140625
009919 0.5064964890480042 111.72791290283203 125.29086303710938 389.9684753417969 235.76612854003906
