000015 0.447527676820755 117.86946105957031 165.39967346191406 390.8507995605469 336.2233581542969
000230 0.17550194263458252 160.14178466796875 168.16497802734375 370.58575439453125 344.5193786621094
000261 0.5069875717163086 79.6107406616211 61.82235336303711 410.09954833984375 328.9294128417969
000283 0.27424654364585876 308.8269958496094 151.961669921875 505.6763000488281 435.3143310546875
000283 0.10963764786720276 26.949466705322266 174.83445739746094 218.0408935546875 411.6576843261719
000364 0.10943721979856491 319.5755615234375 147.45191955566406 490.9393005371094 333.6289367675781
000399 0.773656964302063 41.60456085205078 44.98789596557617 451.4080505371094 287.2010498046875
000467 0.14924079179763794 51.31684112548828 137.77175903320312 174.42041015625 286.35235595703125
000527 0.6204047203063965 177.44598388671875 175.438232421875 307.148681640625 296.20953369140625
000527 0.3367389738559723 130.89224243164062 217.7261199951172 365.93585205078125 349.9713134765625
000527 0.26086536049842834 334.7100830078125 180.110107421875 436.6642150878906 289.15234375
000527 0.21951662003993988 131.72018432617188 181.17799377441406 222.01341247558594 282.9963073730469
000527 0.1503109335899353 269.0712890625 175.33758544921875 392.8694763183594 296.524169921875
000567 0.11470130831003189 145.11289978027344 209.06451416015625 356.2994689941406 369.4376525878906
000584 0.1125536561012268 119.70433044433594 81.20319366455078 373.2290954589844 298.97967529296875
000594 0.39069482684135437 56.47359848022461 185.1619415283203 421.0734558105469 313.69769287109375
000594 0.10928086936473846 46.11094665527344 91.75806427001953 458.982421875 310.02020263671875
000614 0.20005793869495392 128.24819946289062 78.64456176757812 398.6911926269531 299.9990539550781
000640 0.10548211634159088 73.81077575683594 128.70745849609375 416.0704650878906 330.4266052246094
000697 0.23804545402526855 158.07528686523438 192.6991729736328 215.85321044921875 398.2085876464844
000775 0.10205794870853424 131.3623504638672 298.9508056640625 377.20574951171875 440.80780029296875
000819 0.577833354473114 27.11815071105957 50.5917854309082 322.05780029296875 457.4468994140625
000825 0.8338742852210999 40.52567672729492 29.77128028869629 451.141845703125 306.458251953125
000930 0.11248502880334854 157.88453674316406 153.26397705078125 358.9246520996094 317.8322448730469
001089 0.4011470377445221 66.58576202392578 65.34422302246094 425.2726135253906 325.75140380859375
001193 0.5799258947372437 31.307371139526367 85.42427062988281 341.95928955078125 436.76397705078125
001238 0.31500348448753357 164.0861053466797 250.8384552001953 225.94439697265625 367.3567810058594
001336 0.18558232486248016 84.60418701171875 132.9940185546875 410.6980285644531 327.8571472167969
001370 0.35714584589004517 132.89187622070312 153.3900909423828 309.6304931640625 503.6475830078125
001370 0.22712917625904083 68.40314483642578 264.25299072265625 265.1669921875 501.13311767578125
001370 0.12338986247777939 28.04238510131836 204.56861877441406 191.15492248535156 462.4039306640625
001476 0.22123198211193085 180.96420288085938 142.21768188476562 304.2105712890625 255.5543975830078
001496 0.2241981327533722 124.0072021484375 131.1107635498047 367.2629089355469 285.14996337890625
001606 0.1437302976846695 252.28843688964844 145.210693359375 418.46099853515625 346.16180419921875
001613 0.4798605740070343 89.98736572265625 78.89264678955078 400.8607177734375 303.755615234375
001620 0.6703873872756958 73.14492797851562 198.04299926757812 261.2330017089844 443.6787109375
001620 0.23395679891109467 211.1929473876953 216.93197631835938 332.6392822265625 434.2755126953125
001620 0.21057766675949097 47.7559928894043 222.18057250976562 167.5610809326172 428.45880126953125
001620 0.1702931523323059 68.4550552368164 293.5068054199219 259.1028747558594 492.72650146484375
001620 0.16476796567440033 13.650714874267578 243.75836181640625 126.11107635498047 423.4267883300781
001859 0.1575525850057602 73.211181640625 45.373531341552734 426.0662841796875 333.92059326171875
001889 0.1976320892572403 316.6584777832031 131.75221252441406 447.2855529785156 326.0650329589844
001889 0.1098206490278244 38.62826156616211 147.0148468017578 174.33779907226562 319.3128662109375
001889 0.10533388704061508 258.3182373046875 121.8880844116211 408.2569885253906 336.9775390625
001988 0.29166990518569946 28.577123641967773 144.767822265625 314.0035095214844 466.5203857421875
001988 0.13866625726222992 51.56475830078125 296.5238952636719 276.6435546875 480.78668212890625
002078 0.2720639407634735 79.5831527709961 71.62024688720703 403.96173095703125 315.9097595214844
002128 0.11053848266601562 82.72521209716797 89.64027404785156 399.28173828125 284.53973388671875
002130 0.15650571882724762 132.31105041503906 82.60298156738281 364.050537109375 281.49078369140625
002168 0.24994537234306335 359.2322998046875 198.77438354492188 409.924072265625 279.689697265625
002227 0.6210280656814575 70.72463989257812 43.602054595947266 434.4543151855469 293.4382019042969
002239 0.44779494404792786 322.42889404296875 141.31492614746094 456.7755432128906 287.0232849121094
002239 0.440096914768219 275.34326171875 130.85006713867188 399.2925109863281 288.1325378417969
002239 0.18441133201122284 121.0883560180664 139.72268676757812 199.97442626953125 276.5479431152344
002292 0.2298852950334549 145.9739990234375 224.5252685546875 361.0667724609375 358.9208068847656
002473 0.9113759398460388 46.26780700683594 52.305389404296875 457.6437072753906 317.1274719238281
002475 0.7643393874168396 218.4865264892578 177.13214111328125 285.8560485839844 294.6918029785156
002475 0.7071706652641296 84.08072662353516 178.07569885253906 161.86190795898438 302.1308288574219
002475 0.64887535572052 318.8868408203125 175.14425659179688 366.2065124511719 310.62982177734375
002475 0.6422744989395142 137.91934204101562 176.3735809326172 199.56668090820312 288.7973937988281
002475 0.44372856616973877 341.8840026855469 186.0980987548828 425.63885498046875 317.7138671875
002475 0.42946600914001465 262.5533142089844 208.738037109375 342.1031494140625 284.620849609375
002475 0.35464808344841003 367.5569152832031 204.84100341796875 444.15570068359375 293.502197265625
002698 0.7959906458854675 40.839988708496094 30.921905517578125 442.6942138671875 268.1524963378906
002860 0.18725480139255524 126.47395324707031 128.90155029296875 399.2730712890625 290.98907470703125
003130 0.6856940388679504 68.84522247314453 247.65347290039062 299.1393737792969 411.6260986328125
003312 0.4242185056209564 44.25612258911133 35.03441619873047 431.0741271972656 301.48919677734375
003400 0.805892288684845 41.96158218383789 21.076486587524414 454.4992980957031 347.0998229980469
003534 0.21163854002952576 94.12615203857422 125.03197479248047 391.9672546386719 312.0657653808594
003542 0.5580454468727112 171.41375732421875 196.57904052734375 317.32073974609375 284.6739196777344
003542 0.2947790324687958 104.06417846679688 192.64035034179688 240.5962677001953 284.1300048828125
003542 0.21862325072288513 73.78143310546875 178.691650390625 171.8694610595703 309.13531494140625
003726 0.312955766916275 46.80547332763672 72.27738189697266 445.12457275390625 298.3993835449219
003746 0.3108839690685272 84.46308898925781 135.83291625976562 396.4566955566406 346.4878845214844
003746 0.3106061816215515 336.54486083984375 134.3231658935547 483.82977294921875 337.837158203125
003746 0.13329994678497314 23.079864501953125 138.51492309570312 181.8486785888672 332.58380126953125
003766 0.598563551902771 76.92776489257812 85.02802276611328 420.46697998046875 307.4872741699219
003795 0.23819339275360107 51.39358901977539 143.43736267089844 291.1788635253906 378.3833923339844
003795 0.2365274876356125 230.7420654296875 126.11030578613281 434.75506591796875 400.09368896484375
003795 0.15023678541183472 104.56855773925781 213.09893798828125 403.327880859375 411.3811950683594
003968 0.1985882818698883 76.35794830322266 280.95050048828125 404.9497985839844 481.11639404296875
003976 0.9205381274223328 76.65120697021484 194.9871368408203 268.1358947753906 454.1141052246094
004243 0.18122893571853638 -13.14536190032959 146.88235473632812 86.9566421508789 308.3845520019531
004243 0.14786450564861298 86.89695739746094 178.70657348632812 241.72434997558594 289.314697265625
004330 0.12331537902355194 301.24542236328125 119.15476989746094 494.5308837890625 293.98468017578125
004395 0.4252425730228424 86.80368041992188 144.6063232421875 424.2974853515625 324.0392150878906
004637 0.49150311946868896 267.0679931640625 156.760009765625 390.94464111328125 320.6490173339844
004637 0.21831901371479034 168.10630798339844 182.15817260742188 343.57794189453125 289.1708679199219
004765 0.308403879404068 69.62372589111328 264.4402770996094 235.850830078125 510.61578369140625
004904 0.21448086202144623 21.02326011657715 134.7509765625 208.39639282226562 289.418212890625
004904 0.1321508288383484 316.2764892578125 128.86044311523438 494.2018127441406 290.60302734375
005000 0.4012206792831421 157.0391387939453 179.83956909179688 350.018310546875 342.2325439453125
005000 0.2227429747581482 90.28292083740234 227.07408142089844 387.71728515625 363.49859619140625
005048 0.24631290137767792 116.04617309570312 71.76746368408203 380.9167785644531 309.4198303222656
005098 0.29801225662231445 44.73287582397461 176.81480407714844 312.6309814453125 437.6702575683594
005211 0.3595096468925476 40.332275390625 29.340024948120117 461.0081481933594 304.5944519042969
005232 0.3393072187900543 151.39797973632812 139.6306915283203 382.4052734375 277.2872314453125
005232 0.2552463710308075 230.6222686767578 127.46044921875 427.7044982910156 293.3384094238281
005232 0.1842130720615387 306.4819030761719 129.49549865722656 494.21771240234375 295.12677001953125
005301 0.5200737118721008 70.63343048095703 186.29937744140625 251.2938690185547 467.465576171875
005301 0.20060481131076813 155.0142822265625 193.24497985839844 287.9212951660156 453.9500732421875
005301 0.17517265677452087 212.96743774414062 186.30641174316406 324.9783630371094 435.7779846191406
005301 0.1596716195344925 35.8006591796875 213.9900665283203 182.31118774414062 440.4344482421875
005480 0.3543206453323364 136.66265869140625 135.022216796875 368.7258605957031 402.48638916015625
005503 0.6266472339630127 66.48047637939453 43.3062629699707 424.99249267578125 335.0887451171875
005516 0.749597430229187 54.047584533691406 58.07973861694336 465.88580322265625 338.50433349609375
005540 0.2671515941619873 117.39852142333984 138.1577606201172 405.8536376953125 274.9603271484375
005567 0.10825993865728378 146.3715362548828 146.1288604736328 352.43975830078125 336.7400817871094
005619 0.21152138710021973 128.43052673339844 199.76353454589844 381.7586364746094 371.0875244140625
005619 0.11768794059753418 101.90594482421875 69.1947250366211 379.8677062988281 313.9212951660156
005709 0.2461290955543518 106.88662719726562 122.72834014892578 379.1247863769531 282.617431640625
005777 0.14376448094844818 117.52933502197266 197.24978637695312 374.94659423828125 327.58856201171875
005848 0.7190181016921997 31.008874893188477 53.22058868408203 304.8531494140625 427.0135803222656
005925 0.21327893435955048 209.21234130859375 238.26010131835938 295.3359069824219 347.57183837890625
006032 0.172859787940979 222.54708862304688 225.14891052246094 290.1548156738281 302.9844970703125
006118 0.2340298593044281 95.8302230834961 206.44595336914062 398.65740966796875 316.4994201660156
006199 0.318727046251297 124.62872314453125 150.95343017578125 388.3685607910156 348.7389831542969
006292 0.6032184362411499 91.24124145507812 184.63003540039062 400.0615539550781 333.2183532714844
006412 0.5480375289916992 60.12916564941406 62.11235046386719 451.7127685546875 319.5368347167969
006431 0.3177225887775421 129.5019989013672 141.8375701904297 380.9017639160156 288.7397155761719
006467 0.931804358959198 33.155086517333984 44.748477935791016 459.0298156738281 348.4071960449219
006518 0.6868678331375122 44.3577766418457 46.47645568847656 482.11749267578125 338.2991027832031
006544 0.2829343378543854 84.45501708984375 274.2657775878906 414.4377136230469 498.75
006608 0.5619819760322571 63.22883224487305 46.09947204589844 416.52972412109375 329.7235412597656
006701 0.2657911479473114 54.95524215698242 165.66346740722656 283.12200927734375 439.78271484375
006737 0.20710177719593048 140.0050811767578 132.6581268310547 371.8031005859375 295.0378723144531
006737 0.10767354816198349 258.2748718261719 136.6757049560547 404.3401184082031 278.6386413574219
006831 0.7092707753181458 56.2228889465332 47.88119888305664 439.0844421386719 333.57550048828125
006921 0.2299405336380005 176.7676239013672 152.7008514404297 310.2015075683594 317.6060485839844
006921 0.1130424439907074 336.4197998046875 176.2769775390625 446.631591796875 296.0033264160156
006942 0.6159270405769348 70.6668930053711 43.557823181152344 430.5663146972656 288.4398498535156
006993 0.2541961371898651 77.7943344116211 40.814117431640625 425.828125 326.0755615234375
007005 0.39268404245376587 71.71644592285156 197.23899841308594 272.1912536621094 461.46417236328125
007010 0.1414683610200882 94.57299041748047 80.52650451660156 404.04888916015625 304.8674621582031
007115 0.17215122282505035 32.397525787353516 59.44744110107422 311.3623962402344 462.29327392578125
007131 0.14696329832077026 78.85047149658203 61.490196228027344 268.1414794921875 458.1210632324219
007235 0.47137650847435 121.734619140625 128.00274658203125 380.21875 283.81561279296875
007309 0.2753903567790985 49.23412322998047 73.25796508789062 311.71337890625 433.35040283203125
007320 0.2047402709722519 157.4244384765625 282.993408203125 268.9266052246094 478.7327575683594
007320 0.12493272125720978 104.25735473632812 296.9896240234375 224.51019287109375 492.2599182128906
007324 0.29558026790618896 131.43429565429688 216.65283203125 362.6905212402344 368.09246826171875
007371 0.2543221414089203 65.24354553222656 196.4805450439453 412.58941650390625 324.2920227050781
007371 0.1323838233947754 97.67864227294922 177.40101623535156 266.53790283203125 331.3086853027344
007447 0.6990689635276794 205.28038024902344 191.24412536621094 289.7537841796875 274.7508544921875
007447 0.364046186208725 136.05210876464844 186.2086944580078 210.49705505371094 271.5312194824219
007447 0.28458744287490845 285.71380615234375 202.7675018310547 358.9254150390625 269.2412109375
007447 0.10285187512636185 74.69600677490234 188.83628845214844 163.43008422851562 286.4862976074219
007529 0.25417619943618774 52.59866714477539 194.28761291503906 280.65899658203125 466.9264221191406
007541 0.17969630658626556 136.55564880371094 158.43795776367188 366.24578857421875 309.0747375488281
007607 0.14475031197071075 85.15571594238281 292.69970703125 291.7898254394531 477.6902770996094
007646 0.22762691974639893 260.67901611328125 149.06468200683594 397.786376953125 290.0536804199219
007646 0.16621415317058563 288.7072448730469 123.993896484375 473.0368957519531 306.7691650390625
007646 0.12716250121593475 219.90003967285156 187.6709442138672 433.4589538574219 323.4013366699219
007646 0.10960710048675537 150.08311462402344 144.70213317871094 382.4049377441406 294.74163818359375
007658 0.12150472402572632 125.1326675415039 216.6047821044922 376.33856201171875 357.89849853515625
007725 0.45734310150146484 161.03477478027344 215.91114807128906 350.6261291503906 348.9488220214844
007860 0.6557102799415588 59.33647537231445 124.68701934814453 268.7326965332031 378.3441467285156
007983 0.3170124888420105 58.11949157714844 167.83506774902344 299.2577209472656 435.42401123046875
008007 0.5723506808280945 82.65888977050781 61.368560791015625 424.6695861816406 324.0427551269531
008074 0.2098434716463089 49.28532791137695 154.44155883789062 279.9358215332031 466.6277160644531
008074 0.19001063704490662 60.45543670654297 306.8194274902344 274.83837890625 484.5997009277344
008128 0.21551717817783356 119.47958374023438 68.00698852539062 365.5717468261719 277.34588623046875
008221 0.47141870856285095 47.88936996459961 36.34767532348633 438.6352844238281 357.21923828125
008255 0.1262231171131134 53.63276672363281 172.8340606689453 199.73602294921875 456.61505126953125
008255 0.11588842421770096 101.30229187011719 199.58731079101562 273.0382080078125 430.85467529296875
008259 0.14236143231391907 278.5560607910156 138.694091796875 483.2250671386719 339.5401306152344
008321 0.1150931864976883 41.94607925415039 141.78494262695312 293.7608642578125 472.35552978515625
008367 0.13444334268569946 128.0981903076172 216.23049926757812 363.8803405761719 353.00701904296875
008367 0.11187966167926788 228.8601531982422 168.80813598632812 400.4112243652344 317.621826171875
008507 0.3388729691505432 90.34361267089844 75.09064483642578 434.7471008300781 311.5808410644531
008511 0.8057088851928711 46.57741165161133 61.46322250366211 445.69207763671875 319.6831970214844
008551 0.3025877773761749 85.51655578613281 140.46327209472656 432.6241760253906 379.9917907714844
008765 0.5288743376731873 191.71517944335938 156.61961364746094 315.0344543457031 310.4385681152344
008765 0.3977935314178467 343.6148681640625 158.4343719482422 458.8611755371094 325.6950378417969
008765 0.28708305954933167 259.8428039550781 154.60421752929688 400.7971496582031 330.1236572265625
008765 0.2832896411418915 116.94330596923828 212.467041015625 384.7436218261719 348.93157958984375
008765 0.2655531167984009 101.9471664428711 165.63084411621094 235.8201446533203 307.5086975097656
008765 0.1280275136232376 215.5405731201172 189.6415557861328 427.38043212890625 373.1005554199219
008839 0.40732038021087646 284.7143859863281 119.91535949707031 487.5657958984375 306.4134826660156
008839 0.10888531059026718 213.8269805908203 127.0724105834961 395.0616149902344 291.6246643066406
009135 0.27365225553512573 104.80636596679688 149.68565368652344 416.43463134765625 333.1451110839844
009198 0.6297487616539001 47.678977966308594 49.3636589050293 446.7240295410156 362.9801025390625
009237 0.2207397222518921 88.53805541992188 268.4879150390625 245.7987823486328 492.3302001953125
009237 0.10658950358629227 62.30229949951172 278.2719421386719 184.16387939453125 493.84527587890625
009258 0.12601089477539062 39.946937561035156 147.88461303710938 296.33941650390625 481.41278076171875
009305 0.5459553003311157 75.79727935791016 45.663612365722656 404.52703857421875 284.6882019042969
009355 0.8624986410140991 31.134620666503906 56.07402801513672 448.5119323730469 331.9967346191406
009370 0.11929070204496384 163.6780548095703 238.1924285888672 339.0653381347656 339.4882507324219
009370 0.11914869397878647 319.9739990234375 192.4718017578125 442.4510498046875 291.7918701171875
009447 0.5441741943359375 71.52941131591797 39.81033706665039 424.49993896484375 255.601318359375
009788 0.749969482421875 63.81740188598633 36.45106506347656 441.48114013671875 336.1807861328125
009866 0.4547818899154663 98.25846099853516 67.62483978271484 391.9771728515625 325.7388000488281
009953 0.5924719572067261 54.33041000366211 62.118289947509766 439.2288818359375 338.9490051269531
