000040 0.17203612625598907 79.97499084472656 68.88080596923828 405.2503967285156 273.55682373046875
000057 0.32872211933135986 190.6889190673828 78.39822387695312 351.1242370605469 306.7469482421875
000057 0.14279675483703613 172.8529510498047 68.10314178466797 450.132568359375 333.4710998535156
000106 0.38464170694351196 133.30877685546875 52.88310241699219 359.74786376953125 290.5748291015625
000115 0.214650496840477 69.19496154785156 124.11512756347656 299.311767578125 383.8771057128906
000148 0.4143195152282715 103.1613540649414 105.45410919189453 412.8250427246094 322.4114685058594
000186 0.20252083241939545 39.23177719116211 52.763336181640625 348.5901794433594 356.9726257324219
000199 0.20510120689868927 150.11021423339844 48.059452056884766 458.4126892089844 284.1627197265625
000199 0.10134602338075638 131.48170471191406 35.74094772338867 369.01397705078125 196.16458129882812
000274 0.11579100787639618 53.03068923950195 75.45240783691406 426.5078125 309.9591979980469
000309 0.17203892767429352 163.39566040039062 153.77357482910156 333.48419189453125 303.9245300292969
000309 0.10797395557165146 83.2782974243164 157.67654418945312 277.4600830078125 315.8896484375
000326 0.2744392454624176 173.6434783935547 111.12693786621094 320.4726257324219 285.8235168457031
000365 0.21674403548240662 106.09368896484375 129.43167114257812 278.2479248046875 388.4505615234375
000365 0.21040119230747223 38.1291618347168 108.41949462890625 222.73927307128906 420.2960205078125
000365 0.20654456317424774 147.3535919189453 85.97854614257812 325.6557312011719 422.2833251953125
000376 0.2244718074798584 211.13650512695312 146.9755401611328 278.0567932128906 189.38641357421875
000436 0.3633289635181427 139.54759216308594 125.30467224121094 357.5022888183594 264.6181640625
000436 0.15484796464443207 57.504478454589844 104.51053619384766 311.6007385253906 300.0422668457031
000466 0.14759396016597748 161.6552276611328 105.61174011230469 355.5704345703125 256.6474304199219
000472 0.16650058329105377 75.8304443359375 57.99350357055664 406.7648620605469 341.3862609863281
000495 0.1813964545726776 196.41737365722656 86.96256256103516 446.0653076171875 264.758056640625
000557 0.4820794463157654 137.2440948486328 91.71868896484375 376.09600830078125 276.1302490234375
000557 0.2873096168041229 67.99427795410156 83.52851867675781 287.2231140136719 317.46990966796875
000557 0.10727789252996445 208.2432098388672 155.30728149414062 406.91693115234375 321.2738952636719
000557 0.10240683704614639 171.21726989746094 145.25418090820312 333.7868347167969 309.8188171386719
000561 0.1565166711807251 99.45429229736328 157.87037658691406 302.78717041015625 455.03057861328125
000568 0.11757444590330124 125.89319610595703 76.41923522949219 368.3521728515625 277.1787414550781
000569 0.1890820413827896 12.664124488830566 36.2072868347168 450.9903564453125 343.43133544921875
000681 0.2758272886276245 114.7618637084961 123.11384582519531 261.5680236816406 264.5101623535156
000706 0.10285277664661407 128.9813995361328 245.7115020751953 212.51287841796875 281.7589416503906
000779 0.13485971093177795 197.75650024414062 113.8564453125 325.8219909667969 287.93450927734375
000838 0.22718581557273865 191.72145080566406 90.12973022460938 413.05621337890625 331.7982482910156
000838 0.10106264054775238 123.31656646728516 132.9071044921875 348.9211120605469 347.6265869140625
000907 0.29322245717048645 148.66455078125 118.32901763916016 333.5784606933594 224.42637634277344
000960 0.11933130025863647 57.47386932373047 39.9194450378418 451.0883483886719 365.5957946777344
001037 0.11282337456941605 123.17800903320312 99.38980102539062 249.89093017578125 213.04779052734375
001051 0.48424825072288513 153.1206512451172 87.05957794189453 356.8851013183594 304.6473388671875
001051 0.10360948741436005 183.90663146972656 141.53396606445312 420.69061279296875 331.04010009765625
001181 0.20769186317920685 148.85020446777344 80.8437271118164 322.451171875 269.3426513671875
001181 0.12733696401119232 69.35172271728516 72.5218505859375 278.08404541015625 272.99603271484375
001196 0.26884374022483826 108.28489685058594 105.36858367919922 297.4352722167969 413.8033142089844
001235 0.6468189358711243 292.9679870605469 148.43482971191406 391.2259826660156 238.20924377441406
001235 0.3164530098438263 116.44770812988281 118.248779296875 259.9725036621094 275.55718994140625
001235 0.19722391664981842 156.24374389648438 104.598388671875 231.65077209472656 177.91348266601562
001235 0.1767134964466095 246.98098754882812 119.18900299072266 367.0926818847656 278.0073547363281
001235 0.15088894963264465 273.8739318847656 161.9022216796875 394.26025390625 296.3806457519531
001235 0.14793406426906586 157.59304809570312 141.77203369140625 379.2354736328125 319.8431396484375
001235 0.12065133452415466 177.28311157226562 106.23867797851562 351.08465576171875 266.57305908203125
001249 0.16128969192504883 30.722814559936523 72.28577423095703 242.76210021972656 439.0423583984375
001262 0.1622665673494339 25.386676788330078 41.5980110168457 392.1434326171875 388.4308166503906
001262 0.13009440898895264 162.9127197265625 36.80921936035156 343.9960632324219 235.05267333984375
001275 0.31305861473083496 123.08879089355469 152.33387756347656 250.28411865234375 253.3906707763672
001275 0.2275240123271942 79.00074005126953 144.87637329101562 155.00897216796875 226.0033721923828
001275 0.16446635127067566 263.606689453125 133.47947692871094 375.5212097167969 240.44349670410156
001306 0.1898346245288849 226.8714599609375 144.4380645751953 277.67138671875 197.55258178710938
001306 0.13958193361759186 210.34608459472656 144.61082458496094 262.23297119140625 205.18299865722656
001399 0.3895360231399536 105.42801666259766 156.8385772705078 229.69822692871094 305.1734924316406
001399 0.22100727260112762 192.03257751464844 127.90172576904297 321.2713623046875 277.6004638671875
001425 0.2769063413143158 183.5230255126953 156.395263671875 433.915771484375 339.0548095703125
001440 0.10245627164840698 40.74945068359375 82.7221450805664 359.2449645996094 297.3537292480469
001440 0.10221365094184875 256.7024230957031 64.71585083007812 413.87255859375 277.7265319824219
001454 0.3927057981491089 206.63746643066406 135.7010498046875 305.53094482421875 266.9637145996094
001462 0.33595970273017883 56.052310943603516 45.633785247802734 427.2756042480469 318.00494384765625
001615 0.23127667605876923 232.29736328125 59.76496887207031 430.6104431152344 277.16839599609375
001615 0.13650506734848022 132.574951171875 105.476318359375 390.9530334472656 309.5891418457031
001637 0.5789833068847656 139.2726593017578 65.2605209350586 188.17330932617188 123.794189453125
001681 0.360435426235199 238.4286651611328 115.46984100341797 411.4754943847656 284.8780517578125
001681 0.12067410349845886 251.6386260986328 175.7851104736328 382.36456298828125 301.80670166015625
001719 0.27178966999053955 232.545654296875 88.55328369140625 435.7581481933594 252.7629852294922
001745 0.34740617871284485 225.84864807128906 96.01355743408203 291.7181396484375 155.7655029296875
001745 0.21659143269062042 277.01837158203125 87.36991119384766 358.2293395996094 143.80300903320312
001745 0.11458730697631836 283.18890380859375 111.35242462158203 372.1125793457031 217.09889221191406
001926 0.21059998869895935 79.65042877197266 64.89230346679688 266.94158935546875 313.6093444824219
001959 0.238492950797081 163.00479125976562 63.52778244018555 437.4612731933594 283.31732177734375
001967 0.33994877338409424 116.37026977539062 77.11822509765625 349.24151611328125 277.3876953125
001997 0.23046401143074036 110.8857192993164 76.92498016357422 344.41009521484375 438.1247253417969
001997 0.13310247659683228 182.05828857421875 86.30484771728516 432.8470764160156 425.74603271484375
002044 0.461250364780426 176.32167053222656 124.69924926757812 330.9168701171875 262.535888671875
002044 0.1186055988073349 130.25868225097656 145.6319122314453 348.42340087890625 308.1359558105469
002103 0.27001917362213135 186.65304565429688 115.13185119628906 321.598388671875 231.3704376220703
002107 0.10004938393831253 336.0335388183594 203.4371795654297 452.30572509765625 282.27130126953125
002144 0.2065446674823761 66.7073745727539 69.05119323730469 402.70050048828125 312.82720947265625
002309 0.13214699923992157 35.431087493896484 42.0798454284668 332.6504211425781 319.36181640625
002316 0.2404959499835968 97.02560424804688 37.35566329956055 370.61859130859375 470.521240234375
002336 0.3406048119068146 42.62562561035156 67.31324005126953 437.5916442871094 333.7670593261719
002380 0.14082445204257965 200.57615661621094 112.67870330810547 310.9189147949219 246.10848999023438
002400 0.2225043773651123 46.430259704589844 53.222747802734375 294.2160949707031 473.5311584472656
002412 0.29179078340530396 171.2114715576172 117.67644500732422 339.1376953125 254.12840270996094
002412 0.18760187923908234 189.6453094482422 138.17481994628906 336.25579833984375 329.7969055175781
002431 0.8251732587814331 193.21249389648438 152.290771484375 286.7693176269531 217.62200927734375
002432 0.12504518032073975 80.55374145507812 213.62074279785156 266.3419189453125 405.5567626953125
002486 0.2808622717857361 354.3476867675781 134.04403686523438 436.98968505859375 208.30384826660156
002486 0.19432184100151062 334.8194580078125 157.98419189453125 450.207763671875 250.38034057617188
002486 0.19275450706481934 280.7749938964844 128.6775360107422 379.0241394042969 199.50648498535156
002486 0.1912725865840912 124.06127166748047 139.043212890625 245.8513946533203 210.33370971679688
002486 0.14423856139183044 123.09024047851562 82.58956909179688 252.58676147460938 170.85995483398438
002486 0.1309618204832077 163.62583923339844 145.6487579345703 340.0867919921875 265.8628845214844
002486 0.1297985166311264 169.81411743164062 80.9328842163086 313.8773498535156 179.95249938964844
002486 0.12789838016033173 109.33524322509766 146.9280548095703 238.17921447753906 258.7979736328125
002486 0.10784631222486496 32.195465087890625 166.56076049804688 162.9824676513672 251.4200439453125
002672 0.19367612898349762 31.279640197753906 65.32758331298828 459.9683532714844 388.93548583984375
002685 0.5868058204650879 195.1029510498047 67.57982635498047 312.3764953613281 209.3935089111328
002685 0.3276498317718506 238.22439575195312 112.73688507080078 409.7633361816406 249.27261352539062
002685 0.14980605244636536 80.71287536621094 96.67691802978516 291.53125 291.1429443359375
002685 0.13606661558151245 136.0418243408203 62.40719985961914 233.0883026123047 202.35545349121094
002685 0.10747408121824265 56.29110336303711 220.55531311035156 289.89251708984375 368.2530517578125
002685 0.10487335175275803 150.82232666015625 94.62120056152344 343.6333923339844 276.7405700683594
002685 0.10062885284423828 398.0101013183594 152.73423767089844 509.363525390625 323.8976745605469
002720 0.1450587660074234 60.031227111816406 57.64386749267578 265.1885986328125 291.8705139160156
002849 0.20328804850578308 126.28642272949219 88.43926239013672 365.95751953125 261.6629943847656
002849 0.1242484450340271 50.1408576965332 73.79066467285156 305.0263671875 279.3457336425781
002892 0.18451105058193207 139.2654266357422 158.84536743164062 361.68267822265625 312.1959228515625
002892 0.10283715277910233 303.9418029785156 69.00455474853516 480.1665954589844 307.12872314453125
002923 0.22016064822673798 37.86915588378906 26.272077560424805 445.70947265625 310.147216796875
002968 0.6067727208137512 188.8880157470703 151.8481903076172 333.14306640625 260.67156982421875
002980 0.16825515031814575 37.97563171386719 45.45830154418945 439.498291015625 489.05218505859375
003148 0.43563908338546753 144.86050415039062 135.6504669189453 354.7578430175781 338.1865234375
003148 0.3988816440105438 79.20781707763672 218.72842407226562 261.026123046875 372.91265869140625
003148 0.23183712363243103 95.20551300048828 165.43142700195312 248.24221801757812 303.3533020019531
003148 0.20679183304309845 289.8614501953125 142.16517639160156 502.1787414550781 329.3072204589844
003148 0.18757274746894836 12.826979637145996 154.2428436279297 192.28707885742188 334.5650329589844
003148 0.1770583540201187 307.774658203125 84.39344024658203 469.5901794433594 293.6700134277344
003148 0.16100351512432098 246.40992736816406 230.6075439453125 425.3514404296875 370.9078369140625
003148 0.15672637522220612 11.472307205200195 234.60682678222656 206.12782287597656 365.09075927734375
003148 0.14853018522262573 326.0819091796875 42.58157730102539 474.6860046386719 131.46888732910156
003148 0.1440427452325821 246.44088745117188 87.99028778076172 397.2956237792969 284.2290344238281
003148 0.13229233026504517 313.4934997558594 235.76324462890625 462.2746276855469 346.8652648925781
003148 0.12182523310184479 45.621002197265625 118.1080093383789 178.9793701171875 258.29443359375
003148 0.1016511619091034 17.85120391845703 19.323829650878906 189.5666961669922 145.44078063964844
003315 0.2194845974445343 103.53437805175781 40.489315032958984 372.4689025878906 339.24822998046875
003315 0.13303503394126892 210.65234375 72.48330688476562 443.98846435546875 306.6828308105469
003318 0.18733933568000793 116.42494201660156 94.62639617919922 355.2286682128906 295.8501281738281
003402 0.2338472306728363 97.27771759033203 121.47344207763672 261.8292236328125 279.19879150390625
003432 0.21678613126277924 121.12252044677734 170.60398864746094 233.63662719726562 296.76434326171875
003467 0.31804928183555603 21.903589248657227 65.29973602294922 455.39434814453125 289.1026306152344
003514 0.13233007490634918 135.11061096191406 28.281404495239258 462.1011657714844 350.0140380859375
003598 0.6525059938430786 62.9006462097168 56.59651565551758 440.3418273925781 341.63116455078125
003693 0.2746239900588989 67.01739501953125 104.2549819946289 332.8557434082031 397.92047119140625
003693 0.10242275148630142 113.05360412597656 86.75809478759766 294.8059997558594 287.0133972167969
003712 0.11185596883296967 189.27609252929688 113.54666137695312 331.9848327636719 254.2875518798828
003822 0.1250581592321396 109.81587219238281 27.175426483154297 472.4871826171875 475.6949768066406
003850 0.3208199441432953 125.83509826660156 147.1704864501953 373.59979248046875 405.43609619140625
003985 0.14689551293849945 198.8881072998047 105.93482971191406 341.50048828125 252.87628173828125
004018 0.42508724331855774 69.5969009399414 105.86532592773438 318.363037109375 302.4930419921875
004022 0.277972549200058 205.746826171875 157.4281005859375 297.47821044921875 222.1009063720703
004022 0.26518839597702026 49.10050964355469 143.9868621826172 151.28176879882812 236.2303009033203
004036 0.24709518253803253 116.19723510742188 113.99647521972656 409.4254455566406 281.37890625
004059 0.282240092754364 138.30645751953125 154.8214569091797 234.84046936035156 301.87701416015625
004059 0.1261659413576126 177.31887817382812 169.86190795898438 303.180419921875 303.2231140136719
004059 0.12072910368442535 115.5073471069336 112.5295181274414 254.31723022460938 278.3453369140625
004083 0.30871012806892395 22.239715576171875 65.44156646728516 455.63134765625 323.560791015625
004083 0.2454056292772293 198.4248504638672 85.28077697753906 471.5379333496094 304.3632507324219
004176 0.11174813657999039 36.46309280395508 59.27570724487305 291.1442565917969 472.1015625
004206 0.15418623387813568 24.02910614013672 74.98231506347656 320.7176818847656 354.44525146484375
004206 0.12571723759174347 103.6351547241211 121.24142456054688 381.5499267578125 316.2942810058594
004218 0.18196801841259003 147.43844604492188 168.0169677734375 208.35707092285156 228.72467041015625
004218 0.10667525231838226 140.1786651611328 182.70570373535156 223.53369140625 276.4039001464844
004251 0.271092027425766 151.80487060546875 67.07271575927734 374.3052673339844 273.7187194824219
004282 0.20007959008216858 122.93180084228516 171.05645751953125 367.2834777832031 363.97918701171875
004340 0.4426707923412323 148.7316436767578 88.42951202392578 352.8532409667969 305.3254699707031
004340 0.12025623023509979 48.20988845825195 76.03984832763672 299.9235534667969 325.6464538574219
004340 0.11423926800489426 172.1224365234375 147.95249938964844 434.9854736328125 325.5857238769531
004350 0.10039231181144714 116.54401397705078 124.42682647705078 383.35418701171875 342.0024108886719
004362 0.19966398179531097 171.27459716796875 100.73455047607422 372.8110046386719 435.8666687011719
004362 0.13526464998722076 206.47830200195312 198.16673278808594 341.0052795410156 459.25555419921875
004362 0.10240044444799423 54.36560821533203 158.07054138183594 327.5323791503906 432.405517578125
004373 0.289842426776886 64.65064239501953 146.46441650390625 314.6994934082031 325.318603515625
004373 0.1948261708021164 91.52877807617188 178.26620483398438 255.06787109375 305.67596435546875
004383 0.2596358060836792 133.54251098632812 72.68890380859375 378.30987548828125 262.07366943359375
004394 0.5707044005393982 249.45570373535156 103.64507293701172 391.253173828125 240.06764221191406
004406 0.35805970430374146 93.54063415527344 71.66654205322266 430.87164306640625 294.40924072265625
004413 0.11014318466186523 39.64628601074219 29.000797271728516 447.6182556152344 323.48358154296875
004416 0.25935810804367065 109.19942474365234 87.67861938476562 382.0047607421875 318.472900390625
004425 0.7006818652153015 69.26695251464844 22.767410278320312 307.3537292480469 476.7298889160156
004461 0.1894022822380066 46.72093963623047 115.8521499633789 335.6658935546875 329.127685546875
004461 0.1529931277036667 224.81927490234375 72.473876953125 444.5807189941406 309.0342712402344
004462 0.20125795900821686 334.663818359375 129.44451904296875 452.42071533203125 253.54153442382812
004462 0.18793685734272003 198.71766662597656 75.61396026611328 302.1417541503906 203.20388793945312
004462 0.18367432057857513 298.56817626953125 153.4802703857422 371.2319030761719 319.09326171875
004462 0.10421445965766907 238.44403076171875 112.32363891601562 429.3866271972656 266.5914611816406
004503 0.11524154245853424 124.79456329345703 43.714595794677734 463.9298400878906 303.0758972167969
004550 0.40252450108528137 112.09735107421875 64.24464416503906 374.0418395996094 310.7490539550781
004583 0.15180926024913788 163.25743103027344 164.03878784179688 354.0768737792969 302.2946472167969
004583 0.12802445888519287 252.16702270507812 163.73109436035156 404.2007751464844 308.2679138183594
004583 0.12594830989837646 233.68788146972656 111.71818542480469 414.4566955566406 274.5216369628906
004614 0.10954461991786957 112.38386535644531 65.4821548461914 394.5364990234375 315.7738037109375
004617 0.22743618488311768 175.69505310058594 172.41464233398438 338.4168395996094 252.90560913085938
004635 0.14661037921905518 117.3427963256836 143.3514862060547 263.7919921875 272.6058349609375
004635 0.10354330390691757 159.4051513671875 144.9776611328125 319.6950988769531 258.0611267089844
004757 0.20983156561851501 229.9430389404297 96.12523651123047 424.4393005371094 314.402099609375
004757 0.13621491193771362 133.5687255859375 161.2148895263672 392.9285583496094 338.94598388671875
004798 0.1946248859167099 81.0706787109375 24.697628021240234 424.5719909667969 320.5543518066406
004827 0.23045696318149567 47.578643798828125 177.71905517578125 202.22142028808594 457.5138244628906
004827 0.10866760462522507 273.540771484375 234.86155700683594 333.76812744140625 399.9080810546875
004861 0.6045070290565491 46.554996490478516 27.273595809936523 347.03680419921875 471.8397521972656
004877 0.19968801736831665 85.85250854492188 84.09375762939453 288.13775634765625 297.9505920410156
004901 0.10149415582418442 154.70526123046875 150.63278198242188 356.22601318359375 323.9225158691406
004915 0.23612341284751892 42.306331634521484 58.1326789855957 382.07745361328125 434.7051696777344
004949 0.13533426821231842 138.11068725585938 127.29720306396484 316.33984375 401.0262145996094
004949 0.11927782744169235 47.19256591796875 99.43956756591797 238.4939422607422 416.8075256347656
004969 0.34262728691101074 211.7393798828125 173.42552185058594 308.520263671875 232.1903076171875
004969 0.2264517843723297 185.6150360107422 158.8640899658203 281.6840515136719 226.40823364257812
004979 0.15737384557724 211.59727478027344 131.11080932617188 307.0372009277344 288.683837890625
005015 0.4903007447719574 167.21737670898438 148.3726806640625 307.7253112792969 247.3599090576172
005015 0.3622908294200897 95.54011535644531 157.64732360839844 246.69549560546875 302.0487060546875
005015 0.2679430842399597 107.88538360595703 135.72874450683594 260.5053405761719 250.8047637939453
005015 0.17211025953292847 142.90487670898438 152.34033203125 337.2161865234375 307.0399169921875
005017 0.1279114931821823 341.8184814453125 212.36581420898438 437.21795654296875 268.8019714355469
005053 0.17066408693790436 140.71701049804688 130.74929809570312 228.8771209716797 215.02935791015625
005075 0.16932807862758636 32.58799362182617 70.76949310302734 199.66641235351562 444.217529296875
005113 0.5250906348228455 205.1024169921875 141.298583984375 285.2274169921875 211.13677978515625
005113 0.3234924376010895 191.26719665527344 137.82275390625 306.5228576660156 258.8562316894531
005247 0.4887004494667053 35.9830436706543 120.60224914550781 446.5906677246094 323.6558837890625
005247 0.21876943111419678 225.43756103515625 105.43994140625 456.36944580078125 280.2583923339844
005282 0.1705799251794815 68.84679412841797 38.72372817993164 439.17535400390625 308.44268798828125
005289 0.1466587781906128 118.62480163574219 139.55516052246094 214.54379272460938 274.7791748046875
005289 0.13133178651332855 98.80874633789062 126.7833023071289 267.7623596191406 299.2346496582031
005364 0.2972663342952728 78.64849090576172 68.1353530883789 314.9778137207031 446.5927734375
005472 0.18263733386993408 132.9148712158203 167.87924194335938 369.9624938964844 314.6908264160156
005495 0.2755943834781647 167.69610595703125 121.5317153930664 316.03887939453125 409.44732666015625
005502 0.7535388469696045 113.26924896240234 83.05078887939453 378.96600341796875 295.28466796875
005532 0.33501124382019043 197.24815368652344 140.61782836914062 302.8147888183594 239.254638671875
005532 0.3059200346469879 249.7218475341797 139.38027954101562 403.4742736816406 244.35211181640625
005532 0.2632732093334198 104.44673156738281 134.2010955810547 251.89178466796875 256.5269775390625
005532 0.15472236275672913 257.1195373535156 172.0382537841797 384.2253112792969 290.27679443359375
005532 0.15166442096233368 208.27996826171875 159.7754364013672 415.8648986816406 314.5538635253906
005532 0.1202324777841568 185.4043426513672 82.20016479492188 305.7012939453125 196.29946899414062
005532 0.10239814221858978 160.77243041992188 161.65147399902344 326.8552551269531 297.9481506347656
005667 0.10432270169258118 91.04732513427734 150.583251953125 390.370849609375 286.8347473144531
005681 0.5329986214637756 134.27748107910156 107.4122085571289 323.4397277832031 294.7879943847656
005772 0.34435927867889404 48.7103271484375 90.28059387207031 317.41796875 445.9916687011719
005833 0.4006994664669037 124.6353759765625 91.3122329711914 364.97900390625 266.4739685058594
005883 0.2564505636692047 76.13655853271484 116.14515686035156 289.13153076171875 412.8582458496094
005883 0.16098268330097198 153.57484436035156 111.74698638916016 342.8997802734375 382.64776611328125
005915 0.2051679790019989 192.0595245361328 114.08438110351562 342.96734619140625 248.0348358154297
005915 0.170643612742424 163.48898315429688 70.7035140991211 336.72637939453125 208.6187744140625
006053 0.13413649797439575 85.28607177734375 95.28829956054688 245.166748046875 395.4001159667969
006054 0.46273598074913025 158.99435424804688 87.30497741699219 323.5992736816406 261.91375732421875
006132 0.6118866801261902 28.647289276123047 32.688201904296875 458.6822509765625 321.9718933105469
006211 0.263189435005188 116.0737075805664 194.5725555419922 184.9810791015625 299.803955078125
006268 0.2718621790409088 39.48460388183594 73.55406188964844 258.2253112792969 433.4095764160156
006379 0.21134355664253235 216.24691772460938 147.36402893066406 423.58966064453125 326.7936706542969
006379 0.16005100309848785 59.14099884033203 119.63882446289062 319.7662048339844 330.67144775390625
006379 0.12304817885160446 105.40274810791016 123.05459594726562 378.39349365234375 268.9708251953125
006535 0.34554216265678406 143.76473999023438 129.76983642578125 336.0761413574219 409.6005554199219
006566 0.13538216054439545 76.27320098876953 57.555782318115234 194.7003631591797 253.85276794433594
006582 0.34401294589042664 78.57660675048828 35.710052490234375 428.4270935058594 341.1382751464844
006639 0.5443293452262878 106.0053482055664 128.10122680664062 347.74456787109375 271.4835205078125
006640 0.49606379866600037 12.462608337402344 10.807783126831055 327.3691101074219 502.48577880859375
006642 0.2796335518360138 199.28134155273438 156.97398376464844 282.2727355957031 239.0081024169922
006642 0.17248830199241638 191.4854736328125 146.0057373046875 311.60467529296875 300.05633544921875
006642 0.10867665708065033 80.12147521972656 168.9360809326172 256.8470764160156 307.2301330566406
006650 0.6372759342193604 128.49465942382812 91.03609466552734 365.6200866699219 268.0410461425781
006683 0.3231533169746399 45.664268493652344 51.01608657836914 350.5849304199219 336.1992492675781
006807 0.10237949341535568 111.59285736083984 152.57286071777344 413.3006591796875 318.4723815917969
006812 0.2000548392534256 75.79054260253906 39.075897216796875 409.9475402832031 347.5950927734375
006834 0.4118654131889343 29.765592575073242 20.532106399536133 410.70965576171875 355.58331298828125
006927 0.2402084767818451 171.13345336914062 114.37084197998047 439.6202087402344 356.3278503417969
006929 0.22739964723587036 155.2698974609375 139.57681274414062 348.3321533203125 336.7854919433594
006929 0.10893769562244415 66.65384674072266 126.3171157836914 289.1765441894531 337.61590576171875
006967 0.1427755355834961 173.3950653076172 152.6493377685547 289.2547607421875 364.2371520996094
006967 0.1399351805448532 144.59033203125 86.82975006103516 230.96597290039062 286.2304382324219
007047 0.2823600172996521 37.0133056640625 222.09500122070312 212.2166748046875 442.1532897949219
007047 0.17373937368392944 80.42378234863281 206.2154541015625 288.6937561035156 431.1766052246094
007051 0.24966736137866974 131.59039306640625 173.7892303466797 250.75518798828125 340.13531494140625
007051 0.15394338965415955 107.12472534179688 206.64755249023438 280.8497314453125 423.5362854003906
007103 0.12889187037944794 68.033447265625 98.11261749267578 267.30242919921875 405.0000305175781
007201 0.13087774813175201 78.35224914550781 75.98687744140625 289.6990051269531 265.7253112792969
007269 0.2660287618637085 138.92205810546875 135.3321990966797 372.8932189941406 277.8609313964844
007272 0.17187274992465973 71.24750518798828 45.90623092651367 423.91827392578125 335.1516418457031
007340 0.15163187682628632 79.98027801513672 60.3169059753418 324.4901123046875 444.8730163574219
007340 0.14855049550533295 10.728202819824219 57.706058502197266 239.30038452148438 471.38812255859375
007397 0.3370116353034973 83.90457153320312 168.85897827148438 157.509765625 307.1841125488281
007397 0.2397344708442688 184.83802795410156 192.98976135253906 251.02584838867188 302.4820251464844
007426 0.22821438312530518 127.8277816772461 82.4721450805664 470.6874084472656 320.3013000488281
007512 0.18555612862110138 54.34610366821289 81.09131622314453 444.7604064941406 310.72222900390625
007539 0.33888328075408936 16.555383682250977 40.87849807739258 458.9869384765625 333.6754455566406
007584 0.11318385601043701 51.56156539916992 30.721620559692383 445.1397705078125 356.2816467285156
007604 0.12457877397537231 102.05863189697266 96.49879455566406 390.6797790527344 308.50555419921875
007608 0.2396208494901657 162.6990509033203 107.78691101074219 352.98193359375 281.68505859375
007630 0.2228640615940094 98.06210327148438 66.60670471191406 397.85675048828125 446.8010559082031
007641 0.11573862284421921 102.70189666748047 111.71923828125 206.7564239501953 247.9117431640625
007641 0.1027447059750557 82.40908813476562 73.15444946289062 228.28530883789062 329.2608947753906
007681 0.1991453617811203 62.241241455078125 106.1129150390625 407.82916259765625 344.5993957519531
007707 0.3064793646335602 119.34606170654297 167.29489135742188 232.08567810058594 288.92169189453125
007707 0.17321886122226715 99.69525909423828 199.17970275878906 259.4356384277344 354.1173095703125
007707 0.16747942566871643 152.8855743408203 155.60275268554688 319.43316650390625 304.24310302734375
007707 0.13588258624076843 262.0174255371094 123.67821502685547 385.5413818359375 233.69488525390625
007707 0.13068774342536926 126.99195098876953 129.45384216308594 226.47853088378906 245.47369384765625
007707 0.11247310787439346 37.835655212402344 173.23895263671875 161.33395385742188 300.1461181640625
007716 0.1129152700304985 134.89991760253906 156.3546600341797 364.394287109375 329.6695861816406
007730 0.19999927282333374 103.65679168701172 94.41956329345703 195.5623779296875 266.3014831542969
007741 0.18717317283153534 347.3314514160156 148.7911376953125 438.8623352050781 230.30027770996094
007741 0.10620452463626862 -22.602581024169922 107.4651870727539 107.47132110595703 174.18310546875
007934 0.1624497026205063 14.240833282470703 140.9073028564453 327.0420837402344 449.1116027832031
007936 0.2614824175834656 87.69731140136719 63.48798751831055 432.3023376464844 434.1666564941406
008015 0.11226343363523483 32.68352127075195 66.18524169921875 297.1482849121094 339.57098388671875
008027 0.22397767007350922 42.836029052734375 147.3108367919922 213.06370544433594 460.9723205566406
008028 0.1103108748793602 96.0416030883789 146.30279541015625 400.32037353515625 322.6817321777344
008066 0.39066609740257263 266.6312561035156 91.01622009277344 380.7896423339844 242.97254943847656
008097 0.2100827842950821 128.37936401367188 111.06560516357422 354.8882751464844 296.7412414550781
008118 0.383762001991272 190.60931396484375 128.79815673828125 430.0876770019531 306.12603759765625
008118 0.3831116259098053 263.5166015625 152.28956604003906 399.1061096191406 297.4953308105469
008118 0.18802990019321442 111.60364532470703 155.98370361328125 250.4715118408203 276.9256591796875
008118 0.13726425170898438 149.88230895996094 150.36264038085938 358.9116516113281 281.47845458984375
008148 0.27464309334754944 142.28591918945312 40.597782135009766 378.404296875 371.0577697753906
008243 0.19344234466552734 37.19241714477539 44.505985260009766 277.0704650878906 474.5470275878906
008305 0.2003473937511444 67.74260711669922 83.77599334716797 440.4789733886719 348.0630798339844
008348 0.13786359131336212 127.23848724365234 55.37299728393555 335.3918762207031 253.12615966796875
008371 0.49297115206718445 73.17717742919922 65.29851531982422 420.3335266113281 302.1919250488281
008393 0.4425358772277832 53.03891372680664 40.573699951171875 451.40203857421875 341.97723388671875
008508 0.2847014367580414 37.437625885009766 46.223087310791016 315.2148132324219 483.7363586425781
008532 0.12151884287595749 90.29367065429688 76.90843200683594 381.52679443359375 348.1163635253906
008594 0.12514609098434448 87.97836303710938 49.599365234375 410.5400085449219 284.3562316894531
008662 0.32701700925827026 128.51722717285156 71.08917999267578 379.0870361328125 320.4883117675781
008746 0.25094088912010193 78.6749496459961 97.84056091308594 389.4825134277344 353.55377197265625
008746 0.12023355811834335 80.94450378417969 229.68589782714844 262.33282470703125 360.5943603515625
008832 0.2656939923763275 184.08021545410156 130.88763427734375 313.9178771972656 250.86343383789062
008842 0.6893848180770874 186.1350860595703 104.6281967163086 275.38720703125 174.86793518066406
008842 0.11537812650203705 146.01173400878906 100.20791625976562 247.5629425048828 180.83474731445312
008863 0.20427682995796204 220.67710876464844 227.606689453125 294.4756774902344 280.5204162597656
008870 0.5148195624351501 104.10195922851562 120.32283782958984 405.96636962890625 302.1880798339844
008870 0.13163387775421143 191.87127685546875 68.34373474121094 458.56341552734375 273.0943603515625
008934 0.514470636844635 38.593414306640625 92.376220703125 220.81027221679688 436.8140869140625
008937 0.1178908422589302 139.99871826171875 67.36968994140625 368.7693786621094 268.1851501464844
008956 0.5211629271507263 149.41004943847656 49.904808044433594 372.2607116699219 310.14337158203125
008981 0.1110464334487915 202.33982849121094 102.02931213378906 326.4228820800781 287.1851501464844
008984 0.6485986709594727 111.12425231933594 178.27352905273438 232.323486328125 352.9461669921875
009031 0.11851716786623001 228.99002075195312 156.22645568847656 265.0408630371094 190.25125122070312
009102 0.19035691022872925 278.9809875488281 142.6610107421875 368.035400390625 231.51055908203125
009104 0.18985353410243988 148.70565795898438 135.22314453125 351.47900390625 321.17852783203125
009104 0.1173614040017128 244.6482696533203 154.93167114257812 406.8779296875 317.9330139160156
009146 0.17033278942108154 147.46408081054688 56.357147216796875 309.6170959472656 336.828857421875
009146 0.14361068606376648 119.32085418701172 126.86974334716797 422.49530029296875 335.36138916015625
009158 0.2683466076850891 105.12970733642578 46.57366943359375 377.24859619140625 345.4220275878906
009158 0.15121471881866455 3.9259345531463623 85.22340393066406 320.1280517578125 368.6366271972656
009232 0.2875978648662567 143.09210205078125 138.85800170898438 386.2245788574219 330.0652770996094
009232 0.11541862785816193 242.61883544921875 158.3988037109375 401.8534851074219 318.416015625
009266 0.13876040279865265 42.76035690307617 25.10690689086914 420.6451721191406 364.1731262207031
009300 0.42572927474975586 65.11608123779297 129.15232849121094 228.8590545654297 392.02947998046875
009300 0.11632256954908371 44.72513198852539 164.8596649169922 175.8860321044922 367.91558837890625
009390 0.2309824824333191 67.21450805664062 50.026275634765625 383.6989440917969 302.3573303222656
009395 0.7000645399093628 100.48785400390625 143.18759155273438 217.38243103027344 257.1303405761719
009395 0.3051970303058624 112.7164535522461 115.0884780883789 274.0506591796875 240.63995361328125
009453 0.16671986877918243 50.161582946777344 107.6916275024414 421.4031066894531 343.801025390625
009467 0.10323310643434525 85.62293243408203 139.29896545410156 296.87158203125 336.3818664550781
009607 0.2686907649040222 99.31803131103516 136.8950653076172 395.6166687011719 345.0709533691406
009616 0.3998815417289734 168.6306915283203 97.94184875488281 325.2976989746094 248.71939086914062
009616 0.10734681785106659 108.30662536621094 81.45408630371094 258.9315185546875 272.494140625
009642 0.20721375942230225 103.58460998535156 84.97264862060547 391.5779113769531 298.4239196777344
009716 0.22450953722000122 34.8507194519043 95.76036071777344 363.86309814453125 347.9881591796875
009731 0.2901075482368469 133.96484375 88.32026672363281 340.9640808105469 265.85247802734375
009759 0.10799939185380936 32.9515495300293 18.460365295410156 465.86138916015625 304.5660705566406
009775 0.333257794380188 48.62156677246094 77.03572082519531 166.91122436523438 375.9256896972656
009817 0.5412694215774536 132.216064453125 109.78294372558594 479.47491455078125 358.5118713378906
009893 0.1277405172586441 135.8188018798828 83.92133331298828 341.7328186035156 264.0283508300781
009907 0.23308692872524261 87.60376739501953 93.34872436523438 288.8809814453125 415.9209899902344
009929 0.11430340260267258 66.07437133789062 175.0154571533203 301.71026611328125 426.78961181640625
009934 0.11204551160335541 89.3191146850586 50.42355728149414 410.1728515625 273.8840026855469
