000069 0.10706388205289841 108.3554458618164 91.39192199707031 253.8334197998047 183.061279296875
000350 0.16756696999073029 193.35389709472656 151.3765106201172 301.65850830078125 194.9026641845703
000375 0.3731362521648407 170.50477600097656 158.3468017578125 320.5171203613281 219.16949462890625
000558 0.33825957775115967 84.83013916015625 78.0074234008789 259.1204528808594 195.3253631591797
000576 0.14217130839824677 260.69219970703125 125.14138793945312 397.55731201171875 268.5900573730469
000792 0.11245418339967728 186.88613891601562 78.36505889892578 320.7926025390625 428.72503662109375
000811 0.17658056318759918 140.10826110839844 137.01158142089844 357.6385803222656 245.4862060546875
000811 0.16698229312896729 92.19477081298828 106.57708740234375 276.3943786621094 273.39520263671875
000837 0.19212068617343903 152.17263793945312 48.359779357910156 354.3079833984375 165.2305450439453
000995 0.29184964299201965 85.947509765625 131.14146423339844 280.1743469238281 244.02064514160156
001049 0.18980079889297485 65.0796127319336 50.130733489990234 306.68402099609375 174.83782958984375
001188 0.161689892411232 169.73153686523438 93.11876678466797 328.1203918457031 171.68026733398438
001188 0.1522607058286667 418.39068603515625 88.46417236328125 505.5450134277344 165.58546447753906
001188 0.14808273315429688 269.4319152832031 96.6590805053711 382.645263671875 165.3799591064453
001342 0.116786427795887 148.9916534423828 92.8126449584961 220.70692443847656 157.20108032226562
001410 0.11933127045631409 110.79444885253906 61.49891662597656 385.1143798828125 241.41683959960938
001527 0.703120768070221 191.37744140625 122.52680969238281 279.59490966796875 170.55096435546875
001527 0.4227602183818817 162.1963348388672 120.53063201904297 212.93939208984375 160.2322235107422
001527 0.4044056236743927 294.9819030761719 126.52986907958984 340.0127258300781 162.83656311035156
001527 0.3878072202205658 165.4963836669922 116.20171356201172 326.8734436035156 183.67649841308594
001527 0.3315476179122925 407.4884033203125 92.86256408691406 480.261962890625 178.51828002929688
001527 0.2757212817668915 18.028051376342773 92.40489959716797 86.63563537597656 161.1516876220703
001591 0.36128246784210205 67.45407104492188 115.50066375732422 443.0696105957031 260.3232727050781
001634 0.13495515286922455 134.13673400878906 113.3687515258789 360.0282897949219 249.97232055664062
001634 0.10089699178934097 76.28744506835938 91.72154235839844 275.54443359375 259.7227478027344
001646 0.2557695806026459 70.96006774902344 61.292972564697266 271.4386901855469 338.9344177246094
001822 0.23921334743499756 255.65724182128906 143.86851501464844 387.99664306640625 240.79318237304688
001876 0.11089856922626495 245.74058532714844 115.34789276123047 407.03887939453125 252.92161560058594
001895 0.14075084030628204 276.0587463378906 160.76649475097656 369.3753662109375 230.27072143554688
002175 0.14735917747020721 275.90777587890625 149.88099670410156 373.0043029785156 228.33262634277344
002175 0.12501534819602966 128.11094665527344 142.4596405029297 351.1007995605469 218.0128173828125
002274 0.11591561883687973 61.22368240356445 74.82417297363281 196.47659301757812 402.15936279296875
002370 0.12801294028759003 265.6219787597656 153.35205078125 365.11785888671875 235.83224487304688
002390 0.10707354545593262 177.4275360107422 163.61204528808594 336.25347900390625 265.7433776855469
002536 0.12955310940742493 106.02168273925781 89.87873840332031 384.5376892089844 246.0417938232422
002628 0.15995529294013977 305.02142333984375 99.8125228881836 372.3860778808594 264.4776611328125
002703 0.1062396839261055 250.31431579589844 137.92047119140625 401.3592224121094 249.36935424804688
002764 0.19846248626708984 74.63536071777344 142.7691650390625 169.62391662597656 369.83380126953125
002764 0.1310652792453766 126.49069213867188 76.75262451171875 213.32110595703125 336.4347229003906
003073 0.38874551653862 118.39481353759766 146.58547973632812 224.89288330078125 225.7792205810547
003073 0.13988155126571655 56.66144561767578 159.78240966796875 169.5897674560547 231.52310180664062
003111 0.1927507519721985 284.47216796875 143.74192810058594 378.8979797363281 226.43453979492188
003111 0.13227936625480652 144.94891357421875 51.6003532409668 375.1961364746094 254.23341369628906
003288 0.12623538076877594 423.71209716796875 207.28811645507812 479.56976318359375 269.5548400878906
003288 0.12484654039144516 120.04353332519531 133.64768981933594 245.4727783203125 252.0941619873047
003288 0.1172514334321022 114.24927520751953 249.50074768066406 246.30960083007812 335.96356201171875
003409 0.15490974485874176 113.6247329711914 142.55833435058594 247.3608856201172 231.05328369140625
003409 0.14706486463546753 263.11273193359375 139.04165649414062 387.353271484375 230.52450561523438
003409 0.14448900520801544 34.522891998291016 135.83531188964844 185.23756408691406 236.99134826660156
003409 0.11620674282312393 156.2307891845703 143.17242431640625 347.5661315917969 217.71754455566406
003409 0.11071620881557465 118.41071319580078 58.09999465942383 380.4330139160156 234.87326049804688
003409 0.11009229719638824 429.4280700683594 195.2315673828125 495.3309631347656 271.3940734863281
003409 0.10013775527477264 336.0173034667969 133.59805297851562 455.2349548339844 245.91159057617188
003741 0.10036837309598923 120.05982971191406 115.9363021850586 216.37106323242188 244.5774383544922
003836 0.11364790052175522 54.947021484375 91.7386474609375 428.4920959472656 279.833984375
003892 0.12809008359909058 118.34538269042969 68.83209228515625 391.34033203125 225.20233154296875
003952 0.3486959934234619 128.8282928466797 99.40374755859375 202.15646362304688 267.8245849609375
004123 0.12424562126398087 163.22642517089844 49.102264404296875 353.61505126953125 251.5283660888672
004160 0.207452654838562 293.5124816894531 110.20053100585938 354.94696044921875 167.5310821533203
004160 0.14729531109333038 420.0971374511719 97.56385803222656 481.5312805175781 171.49644470214844
004160 0.1273667812347412 175.8164520263672 95.86398315429688 306.2290954589844 168.34873962402344
004160 0.12050461024045944 144.8373565673828 109.98527526855469 209.95968627929688 162.48846435546875
004225 0.10619210451841354 111.07145690917969 82.9542465209961 230.90858459472656 323.1526184082031
004382 0.16572795808315277 145.4801025390625 116.47669982910156 341.4749450683594 204.4355926513672
004382 0.16328996419906616 246.95587158203125 131.63294982910156 395.626953125 204.13424682617188
004382 0.1452573537826538 109.59073638916016 125.03453063964844 245.8477020263672 217.572998046875
004382 0.10528546571731567 221.36610412597656 103.55912780761719 405.3832702636719 228.22219848632812
004477 0.1371365189552307 12.762907028198242 160.97926330566406 73.10518646240234 221.60191345214844
004665 0.3448614180088043 203.8062286376953 161.1866912841797 284.236328125 187.10792541503906
004665 0.31960761547088623 178.8599395751953 101.94721984863281 291.1224060058594 185.9776153564453
004665 0.18042059242725372 151.70265197753906 87.36851501464844 353.6211853027344 203.33168029785156
004665 0.15182942152023315 202.07923889160156 163.2093505859375 299.7332458496094 210.5655975341797
004665 0.13459035754203796 275.92047119140625 110.4180908203125 361.90789794921875 181.33900451660156
004665 0.13101352751255035 140.7274932861328 165.8134002685547 232.7765655517578 216.75814819335938
004843 0.15726499259471893 109.0575942993164 123.28186798095703 378.74932861328125 223.6227264404297
005022 0.34024450182914734 202.08299255371094 88.80951690673828 288.73089599609375 158.50045776367188
005022 0.18525643646717072 155.72747802734375 90.32837677001953 210.439453125 152.90444946289062
005112 0.37243667244911194 190.33872985839844 115.91172790527344 312.5808410644531 176.32373046875
005112 0.314334899187088 280.4019470214844 128.3691864013672 349.0438537597656 169.6205291748047
005112 0.21951650083065033 10.158021926879883 109.40520477294922 81.44476318359375 155.6641845703125
005112 0.21213176846504211 419.8216857910156 97.14058685302734 496.13470458984375 151.9990692138672
005112 0.20611253380775452 179.47979736328125 219.99009704589844 299.25408935546875 267.6176452636719
005112 0.18473270535469055 147.34129333496094 119.71163940429688 216.59359741210938 162.748779296875
005112 0.1836896538734436 291.9111633300781 172.81298828125 361.1373596191406 208.39581298828125
005112 0.16714443266391754 159.7330322265625 92.05709838867188 353.990478515625 208.04367065429688
005112 0.11148518323898315 11.67989730834961 171.41561889648438 53.05138397216797 212.2544708251953
005112 0.10359523445367813 65.71490478515625 165.25148010253906 152.45005798339844 205.5485076904297
005162 0.11106542497873306 121.95622253417969 143.2808380126953 197.78463745117188 241.24798583984375
005167 0.12729622423648834 186.0275421142578 169.10023498535156 322.3555908203125 325.2911071777344
005272 0.23720136284828186 162.95411682128906 63.12348556518555 366.099365234375 201.2471923828125
005376 0.1476777046918869 118.28359985351562 109.13683319091797 393.98699951171875 218.66162109375
005376 0.12413806468248367 168.5029754638672 121.13420867919922 345.29425048828125 197.94949340820312
005376 0.12288916110992432 164.6057891845703 80.53780364990234 313.664306640625 174.1023712158203
005376 0.11827772110700607 153.5494384765625 59.12129211425781 358.4198913574219 205.14208984375
005376 0.10182497650384903 185.90101623535156 185.6398162841797 311.75299072265625 245.5190887451172
005604 0.24230247735977173 65.07219696044922 108.82941436767578 301.7991943359375 393.6338195800781
005616 0.10116901993751526 217.98345947265625 57.311859130859375 407.54388427734375 153.84971618652344
005666 0.10291099548339844 71.43563842773438 174.91708374023438 180.3036651611328 345.2546691894531
005720 0.2527487874031067 40.766578674316406 66.98173522949219 295.93695068359375 436.1346435546875
005771 0.6043002605438232 207.89158630371094 105.22941589355469 285.9159851074219 164.02919006347656
005771 0.4913770258426666 292.4720458984375 115.00125122070312 349.1794128417969 157.55873107910156
005771 0.32192638516426086 406.7083435058594 84.8669204711914 495.9955749511719 165.6571807861328
005771 0.23475933074951172 0.9038001298904419 77.65533447265625 96.02776336669922 166.18392944335938
005771 0.2062791883945465 199.97328186035156 93.09114837646484 316.1662292480469 184.75474548339844
005771 0.20039214193820953 153.202392578125 106.21243286132812 213.40090942382812 162.33872985839844
005771 0.13821479678153992 355.9726867675781 109.11135864257812 415.06866455078125 153.51177978515625
005771 0.13313990831375122 167.7911376953125 187.59849548339844 325.7800598144531 271.32330322265625
005880 0.14183390140533447 178.7735595703125 181.70205688476562 317.2308044433594 300.593017578125
005880 0.12867432832717896 262.73345947265625 114.0699234008789 408.21112060546875 268.2329406738281
005950 0.2545040249824524 151.218017578125 132.02020263671875 342.0519714355469 223.28900146484375
005950 0.21940337121486664 136.85459899902344 83.64090728759766 340.66644287109375 196.7975311279297
005950 0.10864017903804779 400.9774169921875 85.52413940429688 508.50543212890625 191.96078491210938
005950 0.10437292605638504 -14.617927551269531 72.08753967285156 99.99984741210938 190.70289611816406
006014 0.26760897040367126 190.82591247558594 79.46575164794922 320.7351989746094 408.5799865722656
006110 0.13065192103385925 250.12327575683594 113.18557739257812 394.72454833984375 220.1936798095703
006205 0.16884857416152954 271.8757019042969 94.21971893310547 407.7168884277344 276.8505859375
006205 0.12452065199613571 276.5576477050781 196.28826904296875 375.0220947265625 297.74420166015625
006302 0.4154120087623596 75.90564727783203 106.98027801513672 258.31915283203125 282.387451171875
006332 0.42927101254463196 174.0249481201172 132.26565551757812 324.3258361816406 233.16357421875
006332 0.3487703800201416 296.25341796875 139.05267333984375 375.8553161621094 232.3738555908203
006332 0.1960810273885727 108.95681762695312 125.0107650756836 233.29469299316406 262.226318359375
006332 0.1315365433692932 168.03253173828125 186.98333740234375 339.55780029296875 286.8299560546875
006332 0.11800221353769302 142.2002410888672 52.71009063720703 374.4123840332031 246.14015197753906
006408 0.1927274614572525 263.6526794433594 132.1969757080078 394.2493896484375 258.63873291015625
006408 0.1334759145975113 113.94779205322266 207.8216552734375 219.75987243652344 268.2687683105469
006604 0.12950263917446136 131.90518188476562 167.8350830078125 218.86370849609375 237.13555908203125
006604 0.12429292500019073 277.9749450683594 160.31675720214844 362.4833068847656 221.6471405029297
006604 0.12240885943174362 420.88531494140625 174.91249084472656 494.45281982421875 225.36874389648438
006604 0.11118656396865845 58.0360107421875 141.2958221435547 168.6848907470703 234.2570343017578
006604 0.10258224606513977 12.703629493713379 196.1700897216797 72.11322784423828 251.78860473632812
006889 0.18273109197616577 247.6920166015625 129.4215850830078 400.8988037109375 211.9160614013672
006889 0.10890902578830719 162.11764526367188 57.61738204956055 349.2894592285156 207.596923828125
006977 0.10395362973213196 110.63384246826172 169.42755126953125 230.8181610107422 315.21588134765625
006997 0.3125930726528168 121.99662780761719 122.78640747070312 381.5708312988281 240.21102905273438
007233 0.5493642091751099 56.44929504394531 95.81512451171875 450.8703918457031 280.89703369140625
007455 0.15796762704849243 132.7176513671875 157.51622009277344 240.7968292236328 239.31085205078125
007455 0.14239618182182312 262.955078125 165.18844604492188 373.2112731933594 228.36080932617188
007635 0.18025821447372437 159.3334197998047 82.7190170288086 318.9879150390625 204.81033325195312
007635 0.15861502289772034 277.39935302734375 134.67611694335938 373.06134033203125 244.4081573486328
007635 0.12139352411031723 397.83349609375 88.6727066040039 498.91583251953125 195.65869140625
007635 0.10289108753204346 242.1174774169922 122.37108612060547 412.0281677246094 247.65611267089844
007635 0.10210096836090088 134.2843017578125 132.56402587890625 372.61651611328125 253.30450439453125
007660 0.3069083094596863 150.24549865722656 160.86341857910156 337.3625183105469 264.1255187988281
007660 0.15815943479537964 179.8006134033203 124.70553588867188 315.956787109375 212.07920837402344
007660 0.11733844131231308 108.91912078857422 119.36205291748047 246.02008056640625 222.62330627441406
007660 0.1167234480381012 279.0376281738281 133.1283721923828 375.8543701171875 208.5052490234375
007741 0.1345856636762619 227.21847534179688 110.71700286865234 293.372314453125 157.6750946044922
007850 0.21311233937740326 92.38556671142578 80.61347198486328 423.79937744140625 245.41909790039062
007850 0.1116349846124649 88.09730529785156 96.30541229248047 267.21246337890625 223.81541442871094
007850 0.10225484520196915 247.0704803466797 95.47600555419922 400.6605529785156 215.46173095703125
007952 0.10844724625349045 166.34461975097656 192.91714477539062 352.53277587890625 307.69061279296875
008099 0.43631866574287415 148.93563842773438 112.43952178955078 191.79356384277344 246.81549072265625
008099 0.1631639301776886 104.84174346923828 150.45835876464844 135.98828125 218.09019470214844
008217 0.2209792286157608 163.93438720703125 90.40287780761719 328.7684631347656 183.81690979003906
008217 0.1738351285457611 394.6650390625 96.62294006347656 519.0860595703125 176.6068572998047
008217 0.1676027923822403 251.88401794433594 92.70105743408203 397.3968505859375 188.65565490722656
008217 0.14292971789836884 -7.086255073547363 90.1832046508789 77.05020904541016 179.9381103515625
008217 0.12237031012773514 73.43858337402344 126.0843276977539 286.65362548828125 262.9761962890625
008278 0.4913208782672882 125.1016845703125 107.23307037353516 195.82974243164062 261.8402404785156
008278 0.16580532491207123 143.9789276123047 201.73216247558594 196.30059814453125 271.21832275390625
008308 0.1602775603532791 275.4171447753906 132.5519256591797 377.1085510253906 200.17787170410156
008369 0.11605760455131531 67.97210693359375 67.49610900878906 441.818115234375 271.28253173828125
008373 0.13823144137859344 265.10418701171875 139.5471954345703 371.59600830078125 192.244873046875
008459 0.16275280714035034 418.2422180175781 164.80154418945312 496.3836669921875 221.382568359375
008590 0.11663053184747696 284.0431823730469 211.98622131347656 383.38116455078125 278.66546630859375
008590 0.11056458204984665 402.4796142578125 255.6217498779297 509.38812255859375 320.81964111328125
008590 0.1042717844247818 261.2826232910156 148.29644775390625 400.9955749511719 249.26368713378906
008643 0.4245011806488037 116.53538513183594 125.87041473388672 389.1800537109375 229.55426025390625
008643 0.133965402841568 164.01918029785156 102.949951171875 325.4501037597656 190.8162384033203
008643 0.1178939938545227 248.144775390625 139.69029235839844 381.2380676269531 221.96800231933594
008704 0.18716107308864594 217.40052795410156 162.42771911621094 286.0509948730469 201.72959899902344
008704 0.16210730373859406 206.86619567871094 105.48905181884766 300.92529296875 181.30137634277344
008868 0.1532406061887741 99.79944610595703 139.96737670898438 238.325927734375 237.42820739746094
008869 0.1702876091003418 152.66946411132812 186.53863525390625 352.3819885253906 306.4494323730469
008998 0.15505774319171906 22.214977264404297 211.58905029296875 71.259033203125 251.32615661621094
008998 0.13764820992946625 304.9903564453125 152.12437438964844 354.61181640625 238.36734008789062
008998 0.13537980616092682 432.43560791015625 211.61175537109375 475.9493713378906 261.95068359375
008998 0.1230681911110878 121.49723815917969 209.79751586914062 215.251953125 265.4294128417969
009026 0.11981070786714554 165.11642456054688 189.13192749023438 335.6846618652344 297.6464538574219
009137 0.6324054598808289 206.40757751464844 142.3565216064453 267.8087158203125 158.29623413085938
009137 0.4632614254951477 206.87657165527344 112.29877471923828 274.5707702636719 149.19302368164062
009137 0.26090094447135925 411.7146301269531 95.95197296142578 480.14190673828125 144.15626525878906
009137 0.22231869399547577 198.31150817871094 150.38983154296875 303.1357116699219 181.74282836914062
009137 0.1699628233909607 22.628252029418945 88.70315551757812 83.2451171875 132.62925720214844
009137 0.13471372425556183 311.8580627441406 118.67031860351562 339.3451232910156 142.25009155273438
009137 0.12092498689889908 160.30149841308594 115.1611557006836 199.18051147460938 148.88604736328125
009137 0.11256439238786697 178.58633422851562 103.93363952636719 333.726318359375 160.01783752441406
009423 0.6235057711601257 83.2136459350586 30.360071182250977 406.8614807128906 327.78857421875
009728 0.19075526297092438 218.71273803710938 149.3034210205078 278.5177307128906 178.1863250732422
009728 0.15905480086803436 183.34906005859375 129.24685668945312 305.1355285644531 184.5418701171875
009793 0.11067886650562286 142.90792846679688 121.25647735595703 359.71197509765625 251.6265869140625
009811 0.2708416283130646 187.17918395996094 93.64973449707031 315.0135192871094 191.23782348632812
009811 0.20234428346157074 273.62451171875 89.22734069824219 369.279052734375 198.25543212890625
009811 0.14090538024902344 128.58621215820312 106.74515533447266 234.58753967285156 169.05935668945312
009811 0.1281552016735077 395.3167724609375 85.21407318115234 499.416015625 181.7672119140625
009811 0.11528527736663818 0.23877620697021484 78.9056396484375 93.74221801757812 180.38465881347656
