000144 0.2717544138431549 121.8460693359375 128.4348602294922 357.8918151855469 302.27838134765625
000178 0.351098895072937 116.25580596923828 88.3868179321289 228.869140625 253.54388427734375
000178 0.3476945161819458 209.74606323242188 37.560245513916016 282.2441101074219 107.0942153930664
000178 0.2151070237159729 169.57089233398438 60.03617477416992 304.7944030761719 219.45870971679688
000178 0.2054888904094696 290.74005126953125 91.03944396972656 386.9225158691406 255.72325134277344
000178 0.1613704264163971 54.634090423583984 73.94218444824219 155.31448364257812 275.1308288574219
000178 0.14896124601364136 347.9073791503906 93.79557800292969 445.1392822265625 275.28973388671875
000178 0.11688339710235596 271.3365173339844 21.973379135131836 345.30072021484375 137.8053436279297
000369 0.45129796862602234 175.32293701171875 135.8969268798828 307.17266845703125 337.1717529296875
000377 0.12265956401824951 52.1203727722168 238.33131408691406 150.64793395996094 353.7795104980469
001177 0.23252202570438385 29.20432472229004 147.5533905029297 158.6300048828125 343.2568054199219
001177 0.13556385040283203 -2.4104602336883545 98.93109893798828 95.8110580444336 253.1492156982422
001295 0.2871364653110504 61.55091857910156 25.32194709777832 327.7937316894531 482.3374328613281
001431 0.18422475457191467 194.74258422851562 28.034570693969727 308.63916015625 117.59281158447266
001431 0.11657320708036423 183.1918487548828 80.39116668701172 320.3989562988281 197.60678100585938
001489 0.18750493228435516 210.6509552001953 22.819202423095703 289.9285888671875 110.28641510009766
001609 0.20003731548786163 115.18612670898438 114.81687927246094 243.8892822265625 257.5339660644531
001609 0.11209699511528015 160.0203857421875 43.22270965576172 216.55718994140625 166.7657012939453
001925 0.15312759578227997 251.21812438964844 33.562583923339844 429.6580505371094 291.9548645019531
001925 0.1280422955751419 111.77082824707031 58.078182220458984 246.70823669433594 268.37158203125
002301 0.18334512412548065 164.57797241210938 143.1732177734375 324.36968994140625 314.14459228515625
002394 0.10823465138673782 153.15513610839844 29.218265533447266 220.2482452392578 178.78318786621094
002499 0.18311454355716705 176.51104736328125 50.30712127685547 330.391357421875 187.77401733398438
002499 0.17871621251106262 180.05633544921875 9.759288787841797 324.2460632324219 115.75365447998047
002499 0.11656026542186737 158.58763122558594 -13.504385948181152 337.8143005371094 84.53555297851562
002499 0.1114448755979538 2.885490655899048 21.359987258911133 209.89793395996094 219.01133728027344
002538 0.1911734640598297 339.7501525878906 221.6640167236328 452.1806945800781 315.09576416015625
002557 0.17190048098564148 218.7318572998047 37.84701919555664 282.72979736328125 106.81411743164062
002711 0.11855226010084152 174.8605499267578 172.0813446044922 328.6941833496094 305.70538330078125
002856 0.36278045177459717 207.63002014160156 18.143953323364258 291.0902099609375 99.29023742675781
002856 0.1190330907702446 200.68406677246094 -5.820252418518066 303.7037353515625 69.26830291748047
002856 0.11149585247039795 289.2774658203125 14.911404609680176 359.51959228515625 51.57595443725586
002945 0.13964442908763885 252.6199493408203 233.5657501220703 375.2776184082031 356.81903076171875
003010 0.134489968419075 190.82931518554688 57.4910888671875 297.3559875488281 200.78623962402344
003010 0.1150185763835907 80.73381805419922 39.558048248291016 161.40843200683594 234.7681884765625
003071 0.4258773624897003 165.04623413085938 68.05529022216797 287.6478576660156 451.87249755859375
003076 0.44996514916419983 160.46014404296875 25.803234100341797 217.07379150390625 150.179931640625
003076 0.13008011877536774 90.30422973632812 149.288330078125 186.45440673828125 331.74053955078125
003141 0.2121896594762802 218.7171173095703 27.26148796081543 299.546875 116.69776153564453
003249 0.5100699663162231 50.90829849243164 -8.432374000549316 477.9418029785156 362.0467224121094
003249 0.1289311796426773 333.0503845214844 29.113981246948242 489.5772399902344 369.8962097167969
003309 0.18657974898815155 329.7253112792969 231.45591735839844 461.1623840332031 357.5477294921875
003459 0.13773593306541443 197.10670471191406 21.307968139648438 318.2082214355469 152.00308227539062
003561 0.16679427027702332 110.03495025634766 88.9967041015625 205.65927124023438 260.1308898925781
003561 0.15946446359157562 141.64288330078125 46.70452880859375 191.77230834960938 155.73582458496094
003590 0.12133151292800903 179.6781463623047 182.5508575439453 306.7318420410156 274.7800598144531
003725 0.21085797250270844 201.5667724609375 35.41252136230469 288.2610168457031 130.2170867919922
003725 0.12727628648281097 103.39956665039062 75.1652603149414 259.0199279785156 293.48919677734375
003771 0.11281333863735199 349.0528869628906 223.3982391357422 464.931396484375 359.182373046875
003800 0.10780202597379684 126.25117492675781 -4.472222328186035 247.34349060058594 117.36339569091797
003831 0.17836181819438934 252.94322204589844 73.01378631591797 426.1251220703125 310.2772216796875
003842 0.6567952036857605 37.91914367675781 8.310765266418457 198.47665405273438 475.0467529296875
003896 0.1055346205830574 37.823482513427734 286.40338134765625 172.44021606445312 421.9839782714844
003929 0.13221639394760132 341.90789794921875 228.58169555664062 434.00421142578125 339.43524169921875
004055 0.1269131749868393 74.57064056396484 115.68759155273438 177.35267639160156 382.2948303222656
004197 0.12473952025175095 42.86293029785156 221.9506378173828 151.63656616210938 323.25830078125
004236 0.37221798300743103 263.7453918457031 49.38923645019531 414.6619567871094 266.90289306640625
004236 0.32561194896698 90.8475112915039 65.06320190429688 235.61090087890625 270.37164306640625
004236 0.18663209676742554 39.526004791259766 46.968482971191406 171.2247772216797 275.7127685546875
004236 0.13168923556804657 129.54354858398438 137.58836364746094 224.5212860107422 287.45751953125
004469 0.14587917923927307 216.11257934570312 173.56640625 276.2507629394531 295.11669921875
004469 0.11571671813726425 131.83157348632812 177.7876434326172 241.6116180419922 320.8162841796875
004546 0.10629245638847351 220.55299377441406 83.03548431396484 390.1549987792969 295.2044677734375
004599 0.19220168888568878 72.54293823242188 24.73615264892578 275.2807312011719 470.84564208984375
004599 0.18025295436382294 143.74229431152344 50.0526237487793 225.04115295410156 289.0735778808594
004599 0.16087186336517334 152.80978393554688 14.081008911132812 223.9031982421875 182.4718475341797
004599 0.1388961672782898 71.72843170166016 55.96749496459961 182.72299194335938 416.3707580566406
004599 0.13676926493644714 195.75877380371094 57.772666931152344 303.46502685546875 431.3456115722656
004599 0.12836696207523346 245.0292205810547 80.922607421875 363.04327392578125 415.127197265625
004599 0.11180675774812698 4.075108051300049 30.800880432128906 130.61508178710938 439.7301330566406
004740 0.3761764466762543 190.72398376464844 182.14706420898438 330.5119323730469 293.4539794921875
004740 0.2510528862476349 156.05316162109375 125.85968780517578 352.8414306640625 343.82080078125
004763 0.14722591638565063 98.1408920288086 75.86631774902344 240.9717254638672 298.0118103027344
004819 0.27516406774520874 119.19406127929688 208.77906799316406 256.9569396972656 441.49029541015625
005002 0.18066063523292542 165.85244750976562 96.24751281738281 286.4571228027344 407.73583984375
005009 0.14239373803138733 224.07447814941406 20.92742156982422 370.2136535644531 338.2647705078125
005009 0.10141193866729736 336.62164306640625 63.984310150146484 471.6268005371094 322.92938232421875
005174 0.132084921002388 112.70138549804688 123.36489868164062 241.04635620117188 243.3916778564453
005226 0.27369847893714905 337.5263366699219 226.1664276123047 472.23944091796875 366.61529541015625
005237 0.10279835015535355 119.72252655029297 133.002685546875 244.04502868652344 261.8968811035156
005237 0.10253555327653885 264.5658264160156 135.34579467773438 385.8088073730469 255.4381561279297
005428 0.11829134821891785 68.56497955322266 85.5571060180664 201.26834106445312 395.53216552734375
005628 0.22719694674015045 209.81414794921875 19.18890953063965 301.9320373535156 135.58352661132812
005628 0.10252797603607178 174.41139221191406 -15.536623001098633 313.18829345703125 92.6767578125
005635 0.1614125370979309 223.3805694580078 35.143333435058594 289.9371643066406 130.1681365966797
005758 0.1005217432975769 95.34742736816406 78.03688049316406 259.9644775390625 280.8839111328125
005798 0.3401053845882416 232.3636474609375 31.5952091217041 441.7147216796875 163.48489379882812
005798 0.3345770835876465 314.10186767578125 33.8538932800293 481.7405700683594 155.119140625
005798 0.3071930408477783 18.803796768188477 29.65785789489746 171.42486572265625 154.84075927734375
005798 0.257030725479126 92.56793975830078 38.505836486816406 241.79322814941406 156.06414794921875
005798 0.1877100169658661 179.1145477294922 28.81895637512207 330.0286865234375 111.40234375
005798 0.1173766553401947 50.20036315917969 8.96295166015625 167.17160034179688 75.44624328613281
005804 0.1109425500035286 194.74522399902344 22.117765426635742 303.3582763671875 135.14495849609375
005871 0.127264142036438 136.89390563964844 -5.112651824951172 226.72348022460938 110.36570739746094
006072 0.15991026163101196 114.8637466430664 137.7324676513672 244.21998596191406 327.47735595703125
006072 0.15253300964832306 216.12782287597656 50.552467346191406 397.0709533691406 318.62982177734375
006072 0.12396784871816635 274.10247802734375 91.34158325195312 391.8229675292969 290.15826416015625
006086 0.11313182860612869 188.26580810546875 31.645540237426758 322.1560974121094 162.39749145507812
006142 0.1409684270620346 200.2735595703125 -15.297524452209473 306.8039245605469 79.19483947753906
006360 0.17021417617797852 189.97393798828125 187.0259552001953 305.4765625 307.963623046875
006432 0.1424138993024826 128.43405151367188 223.33079528808594 218.18609619140625 358.50299072265625
006500 0.5016934871673584 53.4105110168457 50.49839401245117 126.26648712158203 266.6184387207031
006500 0.3228011727333069 218.3318328857422 12.117396354675293 300.0053405761719 101.5044937133789
006500 0.28349366784095764 260.3187561035156 42.783470153808594 418.3519592285156 286.10687255859375
006500 0.2304571270942688 125.17575073242188 111.16909790039062 218.00503540039062 221.195068359375
006500 0.1986527144908905 79.54732513427734 103.9836654663086 151.18258666992188 244.27023315429688
006500 0.14658989012241364 308.7108154296875 65.87831115722656 475.7231140136719 264.8713684082031
006500 0.11462099105119705 134.6842498779297 61.330204010009766 208.92178344726562 264.9023132324219
006500 0.10656699538230896 127.40219116210938 138.63597106933594 240.1328887939453 267.88043212890625
006546 0.15247608721256256 183.4327392578125 184.47268676757812 316.7882385253906 282.6477355957031
007456 0.22010384500026703 192.80604553222656 60.402957916259766 425.4168701171875 301.77520751953125
007456 0.13460524380207062 73.88005828857422 83.34860229492188 260.93341064453125 290.72515869140625
007456 0.10344794392585754 -1.9745007753372192 57.90178680419922 202.395751953125 314.555908203125
007494 0.19649428129196167 48.415016174316406 93.84700012207031 197.0641632080078 294.9620361328125
007494 0.1526225209236145 99.25153350830078 150.6692657470703 263.90472412109375 324.6766662597656
007494 0.11372702568769455 200.26512145996094 21.867351531982422 310.9860534667969 124.7138442993164
007494 0.11106761544942856 -17.408172607421875 212.64463806152344 93.61837768554688 371.63214111328125
007494 0.10557691752910614 257.0055847167969 97.47184753417969 419.57843017578125 272.4216003417969
007744 0.8820714354515076 287.78448486328125 93.67388916015625 378.0173034667969 292.9585266113281
007744 0.4029100239276886 289.8803405761719 40.32473373413086 336.74700927734375 322.1159362792969
007744 0.366100937128067 154.68331909179688 146.85105895996094 203.25955200195312 300.98114013671875
007744 0.27174341678619385 137.36058044433594 74.19318389892578 193.89768981933594 283.6960754394531
007744 0.264242947101593 66.56145477294922 56.59878921508789 140.61257934570312 284.8558044433594
007744 0.21648269891738892 359.87908935546875 185.43118286132812 404.6294250488281 286.9205017089844
007744 0.11938154697418213 96.68962097167969 70.10724639892578 156.3976593017578 319.7975769042969
007989 0.13738152384757996 74.82845306396484 146.29498291015625 168.3834228515625 329.9407653808594
008014 0.1102740541100502 74.76719665527344 125.11698150634766 198.59088134765625 373.59521484375
008134 0.3928183913230896 212.2989044189453 153.93295288085938 271.9809265136719 273.6445007324219
008134 0.3256608843803406 143.01661682128906 134.08966064453125 216.21975708007812 294.77001953125
008134 0.21816247701644897 313.27020263671875 168.0645751953125 341.5528869628906 281.376220703125
008134 0.17074273526668549 370.659912109375 148.5199737548828 412.9152526855469 277.6122741699219
008134 0.1590864062309265 257.81787109375 39.89500045776367 409.673828125 293.5159912109375
008198 0.1333586722612381 150.1233673095703 57.02988052368164 344.8196105957031 176.8694610595703
008382 0.13887526094913483 230.28875732421875 52.51390075683594 278.9139709472656 126.67724609375
008591 0.15638889372348785 114.8659896850586 -18.874656677246094 211.0714569091797 120.0850830078125
008591 0.1308833807706833 124.50662231445312 20.109817504882812 211.30450439453125 170.76528930664062
008686 0.19226638972759247 163.25038146972656 143.20204162597656 347.2283630371094 334.6295166015625
008686 0.12373097985982895 245.75003051757812 82.12467193603516 413.4827575683594 281.5338439941406
008686 0.12355364114046097 106.66911315917969 97.71703338623047 268.23748779296875 264.0928649902344
008686 0.1142268255352974 264.5322570800781 19.76827621459961 381.8989562988281 147.07827758789062
008686 0.10229450464248657 242.6070556640625 179.75079345703125 387.8821716308594 311.5104675292969
008697 0.165232852101326 185.5122528076172 73.12924194335938 328.3026428222656 440.4932556152344
008729 0.13360954821109772 210.616455078125 66.20342254638672 410.4495849609375 292.22344970703125
008729 0.12577806413173676 286.8798828125 50.263938903808594 470.5224609375 326.19085693359375
008894 0.10850884765386581 214.59881591796875 147.19407653808594 464.5315856933594 489.5804138183594
008925 0.11493950337171555 356.580078125 71.57864379882812 460.10595703125 253.72389221191406
008925 0.11329225450754166 272.2220458984375 46.093074798583984 407.616455078125 282.8516540527344
009012 0.5276718735694885 133.06961059570312 23.9038028717041 314.51806640625 450.4293212890625
009297 0.12535831332206726 264.0503845214844 151.5795135498047 398.4134216308594 329.1994323730469
009366 0.1643492579460144 138.91888427734375 27.58364486694336 262.7799072265625 460.47894287109375
009648 0.20641690492630005 159.38099670410156 49.48435592651367 222.71812438964844 154.20411682128906
009782 0.23799295723438263 355.1066589355469 214.04112243652344 459.2393493652344 354.3194274902344
009782 0.1100458949804306 284.0942687988281 204.52452087402344 477.90576171875 365.1596374511719
