000014 0.1279890537261963 115.9669189453125 84.30757904052734 374.5556640625 242.54803466796875
000054 0.6914253830909729 59.82504653930664 89.04291534423828 436.5364990234375 292.9501037597656
000128 0.11359875649213791 141.10508728027344 113.4202651977539 361.7855224609375 236.9227294921875
000188 0.3753837049007416 81.4518814086914 68.70255279541016 444.510009765625 206.31060791015625
000239 0.547920823097229 86.96268463134766 94.07966613769531 434.51995849609375 224.00840759277344
000313 0.17015157639980316 176.85446166992188 159.3595428466797 315.5840759277344 232.52122497558594
000512 0.3624596893787384 45.2354850769043 70.21662902832031 435.9633483886719 313.9364318847656
000536 0.20000381767749786 56.41899871826172 95.31927490234375 447.2251892089844 293.9249267578125
000636 0.41811928153038025 130.15159606933594 87.11224365234375 344.5380859375 263.25042724609375
000666 0.3156401515007019 110.5662612915039 87.25076293945312 377.63946533203125 256.39190673828125
000719 0.14741386473178864 191.0795440673828 114.58946990966797 297.8033752441406 217.0993194580078
000723 0.37121346592903137 76.82218170166016 111.56696319580078 440.20831298828125 268.164794921875
000864 0.7513163685798645 72.21666717529297 96.23388671875 433.90643310546875 249.46710205078125
001218 0.7058796286582947 57.30710983276367 98.52949523925781 429.7525939941406 286.81109619140625
001538 0.1288534253835678 177.6553497314453 117.45230102539062 338.3043518066406 263.7687683105469
001844 0.34423303604125977 165.9480743408203 90.37942504882812 325.6511535644531 224.67945861816406
001844 0.15304046869277954 78.91514587402344 105.51673126220703 297.1638488769531 207.6278839111328
001893 0.17654259502887726 149.0406494140625 179.9832305908203 229.08436584472656 339.4349670410156
001897 0.22753341495990753 94.99303436279297 96.24581146240234 406.72308349609375 255.13540649414062
001983 0.3583364486694336 79.24238586425781 109.59119415283203 400.8293151855469 243.9553985595703
002229 0.1730482280254364 45.409366607666016 51.70976638793945 473.7987060546875 290.7230224609375
002245 0.24104554951190948 58.14622497558594 39.80084228515625 422.5717468261719 263.8447570800781
002383 0.34894949197769165 143.5855255126953 63.21771240234375 337.8757629394531 260.1338195800781
002530 0.2993088960647583 79.94266510009766 90.64259338378906 421.0537414550781 282.7872619628906
002716 0.11890271306037903 103.95809173583984 84.84420776367188 389.7825622558594 282.85205078125
002758 0.30412736535072327 163.2738800048828 140.0763397216797 329.047607421875 240.61952209472656
002758 0.2574796974658966 54.36455535888672 155.12559509277344 153.39759826660156 244.57034301757812
002758 0.11615781486034393 125.30160522460938 157.14804077148438 246.75027465820312 228.3031463623047
003014 0.1960088610649109 116.63419342041016 101.86064910888672 395.25469970703125 277.6279602050781
003016 0.4574599862098694 27.1409912109375 35.100830078125 481.7176818847656 310.0049133300781
003070 0.19662021100521088 356.6858825683594 165.70068359375 424.5306701660156 228.6853485107422
003070 0.16696742177009583 170.3376007080078 130.44969177246094 332.40472412109375 250.62127685546875
003289 0.31477296352386475 154.15354919433594 147.8849334716797 336.3200988769531 240.11761474609375
003289 0.12293796241283417 380.7450256347656 158.10227966308594 449.70098876953125 246.2269744873047
003289 0.11078902333974838 21.019071578979492 147.20794677734375 155.36611938476562 255.9995880126953
003302 0.26382189989089966 125.28514099121094 158.56092834472656 248.87442016601562 312.7624206542969
003321 0.14388525485992432 145.45266723632812 104.44509887695312 366.18096923828125 189.39671325683594
003358 0.15657714009284973 40.65995407104492 128.08853149414062 220.82505798339844 339.8421325683594
003503 0.15531732141971588 126.35645294189453 80.3136978149414 374.53131103515625 245.1288604736328
003715 0.6703683137893677 37.322166442871094 49.73395538330078 470.3225402832031 341.0121765136719
004065 0.25201615691185 112.28567504882812 97.8691635131836 385.697998046875 286.2348937988281
004094 0.44163408875465393 100.9642333984375 69.77590942382812 385.39483642578125 292.8672790527344
004099 0.17790837585926056 57.40293884277344 132.4715118408203 271.91558837890625 371.15045166015625
004154 0.12217525392770767 190.30149841308594 135.00271606445312 325.6879577636719 244.3032684326172
004302 0.3282303214073181 108.18557739257812 118.10089111328125 407.498291015625 281.9815368652344
004337 0.16861778497695923 149.00955200195312 150.27191162109375 330.4488525390625 211.24099731445312
004402 0.20309440791606903 144.93240356445312 77.17910766601562 370.0357360839844 239.91070556640625
004541 0.11955694854259491 66.9992446899414 70.5602798461914 426.37738037109375 319.361572265625
004578 0.14754383265972137 174.8907928466797 91.87176513671875 344.88238525390625 237.2328643798828
004666 0.48439326882362366 181.10362243652344 156.96701049804688 336.54217529296875 242.48020935058594
004724 0.36233291029930115 79.2532730102539 75.95016479492188 431.8983154296875 248.36363220214844
004762 0.699690043926239 69.82001495361328 79.08981323242188 444.88690185546875 242.37159729003906
004883 0.4569731056690216 44.755741119384766 87.14559936523438 432.0435791015625 230.66424560546875
004924 0.23989363014698029 41.601558685302734 59.7731819152832 448.8610534667969 336.58740234375
004989 0.12914888560771942 51.187355041503906 80.2845687866211 461.9578857421875 312.0469055175781
005046 0.14717239141464233 72.98299407958984 113.1406478881836 438.3218078613281 282.171630859375
005265 0.3125414252281189 63.456520080566406 98.73896789550781 429.8994140625 288.7109069824219
005271 0.3228212296962738 59.74187469482422 58.74430847167969 437.66015625 283.2377624511719
005412 0.1115182489156723 209.49752807617188 152.29623413085938 295.7835998535156 238.0972442626953
005435 0.11016137152910233 85.95927429199219 156.40774536132812 299.0968017578125 337.006591796875
005670 0.22644345462322235 70.86936950683594 103.39891815185547 436.79437255859375 288.5703125
005746 0.2453744262456894 182.66818237304688 105.3470687866211 339.44873046875 274.5877990722656
005809 0.6252428889274597 90.50315856933594 85.241455078125 412.1903076171875 283.6551513671875
005842 0.387966126203537 158.59420776367188 127.26004028320312 354.7806091308594 258.6812438964844
005870 0.540547251701355 85.03294372558594 123.31855010986328 427.3704833984375 259.7140808105469
005870 0.1278425008058548 344.4107360839844 152.9312286376953 464.6168518066406 230.79931640625
006082 0.15176895260810852 134.69728088378906 97.3740234375 353.45263671875 275.4366455078125
006113 0.12384076416492462 170.5072021484375 116.41351318359375 320.430419921875 228.8499298095703
006213 0.24080874025821686 89.6443099975586 137.28598022460938 270.04193115234375 386.9677734375
006298 0.25785189867019653 90.72455596923828 57.683372497558594 406.72650146484375 344.278076171875
006334 0.30144885182380676 164.20921325683594 155.10043334960938 337.8785705566406 245.99609375
006334 0.19722041487693787 365.5918884277344 165.0208740234375 433.9336242675781 256.0233154296875
006358 0.5425168871879578 149.12533569335938 163.58238220214844 338.86260986328125 218.82159423828125
006358 0.1339036226272583 111.83375549316406 162.7720489501953 228.57730102539062 212.05593872070312
006388 0.4085593521595001 59.67710876464844 128.13340759277344 444.5782470703125 324.4310302734375
006407 0.1058160811662674 130.43463134765625 88.22505187988281 371.4558410644531 273.4372253417969
006601 0.255080908536911 147.37069702148438 85.0428695678711 342.8871765136719 281.10589599609375
006723 0.7781906127929688 54.015159606933594 75.22232055664062 474.49072265625 203.21096801757812
006913 0.5992404222488403 52.655670166015625 111.71625518798828 465.3360595703125 233.9527130126953
006992 0.6082962155342102 95.16593170166016 111.73667907714844 430.3902893066406 269.28753662109375
007111 0.2960774302482605 70.4892578125 97.39279174804688 469.8696594238281 238.4414520263672
007367 0.4583444595336914 137.02552795410156 121.8213119506836 358.2453918457031 254.51742553710938
007405 0.30023014545440674 135.79937744140625 100.86036682128906 365.8717041015625 231.21292114257812
007405 0.13225187361240387 32.4150276184082 127.20748138427734 145.28208923339844 231.69427490234375
007495 0.10421264916658401 92.86181640625 72.97937774658203 398.3525695800781 303.0827941894531
007674 0.6500011086463928 56.78920364379883 115.28358459472656 464.1346435546875 267.5408935546875
007717 0.1063937172293663 106.44674682617188 74.36180114746094 402.1647033691406 296.27789306640625
007912 0.4331569969654083 78.6202392578125 57.19649124145508 451.6387939453125 277.8556823730469
007944 0.34407687187194824 74.26935577392578 52.86259460449219 437.52325439453125 165.25418090820312
007949 0.15144279599189758 331.46710205078125 158.64962768554688 471.6128845214844 265.4117431640625
007951 0.3239991068840027 81.501708984375 78.85718536376953 428.3575439453125 251.27874755859375
008088 0.1484915316104889 73.0574951171875 130.8756561279297 436.1552734375 321.76593017578125
008104 0.34537383913993835 61.4459114074707 94.19145202636719 427.2174987792969 285.4126281738281
008165 0.27307984232902527 73.72235107421875 62.2310676574707 420.85345458984375 276.7853698730469
008246 0.4197855591773987 154.41819763183594 77.41789245605469 353.72833251953125 162.72267150878906
008246 0.16621549427509308 89.98622131347656 87.71820831298828 244.09007263183594 151.2998504638672
008246 0.10599716752767563 98.31304168701172 64.04519653320312 263.19073486328125 196.55450439453125
008264 0.5546050667762756 72.51612854003906 65.98831939697266 444.4593811035156 308.50537109375
008337 0.11662274599075317 28.37090301513672 54.8467903137207 464.64373779296875 317.6983337402344
008357 0.6719874739646912 111.29235076904297 70.05278778076172 367.1695556640625 221.63131713867188
008366 0.36646464467048645 99.83457946777344 63.31707763671875 399.95074462890625 329.95379638671875
008630 0.128629669547081 76.49374389648438 55.37467575073242 429.44732666015625 271.9682922363281
008642 0.4391842186450958 38.11529541015625 124.43389892578125 475.3733825683594 282.72283935546875
008782 0.27343207597732544 131.5892791748047 78.50552368164062 368.77362060546875 285.22271728515625
008788 0.1440986841917038 123.23938751220703 142.51625061035156 372.745361328125 340.6366882324219
008915 0.3668670356273651 38.15916061401367 97.21707153320312 296.9877624511719 404.45074462890625
009021 0.3204931914806366 30.454002380371094 48.371822357177734 331.6985168457031 451.0846252441406
009111 0.6749663352966309 128.32713317871094 80.33955383300781 356.94873046875 242.52938842773438
009111 0.11025969684123993 352.3373718261719 120.08104705810547 473.8309631347656 225.369140625
009188 0.5480026602745056 48.6193733215332 55.51985168457031 458.9475402832031 311.2707214355469
009498 0.25359848141670227 101.1107177734375 68.82334899902344 395.8970642089844 303.9230041503906
009510 0.28139668703079224 42.50885772705078 108.59220123291016 325.12957763671875 291.49615478515625
009510 0.21748746931552887 105.96734619140625 123.51090240478516 412.3026428222656 265.80328369140625
009683 0.6127288341522217 67.16938781738281 113.32791900634766 461.5422058105469 275.9067077636719
009704 0.10433988273143768 216.02037048339844 123.62979125976562 294.36590576171875 225.19766235351562
009936 0.14167293906211853 160.77972412109375 99.86958312988281 357.1052551269531 231.36459350585938
