000028 0.45084428787231445 27.666650772094727 27.9566650390625 356.2608642578125 460.51873779296875
000049 0.5584344267845154 174.4216766357422 117.18733978271484 328.33258056640625 258.2349853515625
000053 0.16728095710277557 64.61268615722656 35.57010269165039 426.3677673339844 345.6739807128906
000092 0.23269972205162048 20.214677810668945 30.048845291137695 456.0279846191406 339.3765563964844
000114 0.14469486474990845 107.85833740234375 106.92194366455078 369.5439147949219 346.962890625
000114 0.10578661412000656 213.1673126220703 45.613346099853516 456.5473327636719 339.9897766113281
000119 0.21958865225315094 161.0853271484375 131.6737518310547 357.3880920410156 337.33404541015625
000119 0.120112344622612 195.08737182617188 81.52057647705078 434.9627685546875 289.3020935058594
000227 0.11533797532320023 165.37832641601562 93.16914367675781 318.9136047363281 292.77972412109375
000255 0.30679288506507874 -2.0891876220703125 7.521957874298096 465.0271911621094 327.9664611816406
000292 0.23496092855930328 66.08088684082031 52.105018615722656 444.72607421875 332.4830017089844
000357 0.15397177636623383 13.425514221191406 2.909287929534912 488.04833984375 348.7919616699219
000401 0.19911332428455353 42.485713958740234 34.63462829589844 480.1857604980469 329.562255859375
000442 0.12296590954065323 10.705218315124512 10.084826469421387 472.7862854003906 373.77496337890625
000542 0.7164885997772217 9.752750396728516 4.339546203613281 484.18505859375 356.2031555175781
000638 0.1500772386789322 22.832584381103516 28.075815200805664 364.8887939453125 466.6064147949219
000651 0.5399231314659119 28.741464614868164 18.375869750976562 471.5835266113281 369.74041748046875
000741 0.2323186695575714 30.0195369720459 42.75811004638672 427.0880432128906 358.3936767578125
000785 0.16896739602088928 168.83502197265625 28.950481414794922 501.5428161621094 343.7379150390625
000803 0.37469547986984253 172.28256225585938 139.17926025390625 342.3848876953125 269.22021484375
000803 0.1409427523612976 86.84514617919922 136.37611389160156 299.90802001953125 270.9499816894531
000803 0.13375745713710785 114.7618408203125 104.94356536865234 256.1092834472656 237.17303466796875
000853 0.29384228587150574 71.08911895751953 151.4097137451172 266.3519592285156 468.6294860839844
000877 0.16165408492088318 155.46343994140625 93.06497955322266 337.6959228515625 281.3653869628906
000877 0.1343841403722763 126.14740753173828 135.93984985351562 383.25018310546875 341.364501953125
000928 0.1298314332962036 112.45114135742188 43.34272384643555 474.8668212890625 332.8481140136719
000998 0.4759569764137268 37.624488830566406 47.547760009765625 307.2451171875 444.15283203125
001019 0.38679277896881104 70.76344299316406 23.433923721313477 369.7734375 456.9544372558594
001032 0.3199630677700043 69.97825622558594 31.368671417236328 446.412109375 350.660400390625
001048 0.1740713119506836 79.46263122558594 63.8613166809082 416.74200439453125 328.3970947265625
001088 0.10601385682821274 176.61715698242188 42.487152099609375 496.0626220703125 336.49359130859375
001098 0.3448927700519562 19.181371688842773 28.247968673706055 336.623046875 482.8686828613281
001122 0.36560797691345215 28.845869064331055 17.37303352355957 346.3505859375 459.1020812988281
001128 0.1042860671877861 119.17850494384766 49.68644714355469 384.86151123046875 242.63253784179688
001146 0.1192065104842186 23.040287017822266 45.05221176147461 130.54025268554688 261.537109375
001190 0.2513444423675537 116.4130859375 159.62203979492188 398.8538818359375 333.9522705078125
001190 0.19066734611988068 156.45130920410156 100.02163696289062 349.4466552734375 276.45867919921875
001257 0.3641127049922943 67.81053161621094 32.31764602661133 344.757568359375 294.8708190917969
001271 0.1342182606458664 11.511177062988281 20.845212936401367 495.8363952636719 376.1197509765625
001381 0.21082769334316254 72.38672637939453 47.26483154296875 406.34808349609375 296.9393005371094
001392 0.2071675807237625 45.625732421875 57.45133590698242 431.85552978515625 319.6104431152344
001401 0.19821128249168396 113.51260375976562 138.5419921875 385.5722351074219 336.7400207519531
001401 0.18660137057304382 148.02870178222656 102.2542724609375 374.8479309082031 269.5986022949219
001401 0.15460415184497833 85.87285614013672 71.95426940917969 285.4302673339844 301.25628662109375
001428 0.18307612836360931 183.81910705566406 165.82681274414062 346.50701904296875 320.551025390625
001428 0.15470118820667267 164.5154266357422 98.85031127929688 345.6715087890625 275.54986572265625
001520 0.1427009254693985 13.76161003112793 74.88334655761719 456.6104431152344 307.46917724609375
001542 0.33541759848594666 56.003196716308594 94.47358703613281 448.4672546386719 322.28521728515625
001549 0.1946052759885788 44.52422332763672 126.51251983642578 221.31927490234375 336.98138427734375
001573 0.24728192389011383 206.84938049316406 113.86593627929688 330.70269775390625 277.12017822265625
001592 0.21694636344909668 65.39265441894531 35.46947479248047 435.1644592285156 205.72232055664062
001655 0.23495455086231232 37.30568313598633 16.41962432861328 471.8356628417969 368.4515380859375
001663 0.30952444672584534 13.193622589111328 14.596860885620117 492.3283386230469 357.789794921875
001694 0.22836464643478394 127.8334732055664 72.49893188476562 414.32012939453125 321.375244140625
001702 0.11458925157785416 11.046976089477539 39.966670989990234 385.7966613769531 339.1241760253906
001763 0.21341605484485626 49.812408447265625 86.03429412841797 425.2322082519531 360.9281005859375
001774 0.13677982985973358 41.03556442260742 83.2255630493164 443.3163757324219 323.6202392578125
001790 0.24487069249153137 37.16762924194336 87.07867431640625 293.9922790527344 408.5507507324219
001835 0.22034427523612976 76.22250366210938 96.64649200439453 412.447998046875 354.21600341796875
001851 0.10934799909591675 28.894933700561523 147.29605102539062 275.2982482910156 472.41754150390625
001866 0.19724391400814056 58.70600509643555 38.177066802978516 402.46112060546875 302.5286560058594
001890 0.11701463907957077 40.45132064819336 63.011451721191406 346.7749328613281 333.3733825683594
001909 0.4898386001586914 44.66946792602539 18.162179946899414 479.9450378417969 315.6590270996094
002003 0.33793067932128906 22.234262466430664 6.917975902557373 458.12652587890625 355.6343078613281
002048 0.18180137872695923 135.72830200195312 80.1416244506836 391.4747314453125 276.0281066894531
002048 0.1502392590045929 120.79757690429688 152.2534637451172 399.5089111328125 323.1174011230469
002059 0.4262103736400604 52.84723663330078 90.28987884521484 433.4633483886719 357.1934509277344
002084 0.16832798719406128 5.003750324249268 17.81233787536621 393.2449035644531 350.7046813964844
002106 0.3739928603172302 26.998369216918945 41.17683792114258 343.9747619628906 446.3339538574219
002113 0.45809072256088257 35.34149169921875 17.98747444152832 363.7794494628906 474.8214416503906
002133 0.5686253905296326 190.18702697753906 123.80009460449219 287.7392883300781 252.55377197265625
002147 0.44854816794395447 36.58078384399414 23.15766143798828 464.67694091796875 309.7757568359375
002162 0.10420970618724823 66.3968734741211 61.80482864379883 443.7650146484375 302.64385986328125
002205 0.1680772602558136 -11.091425895690918 13.508697509765625 366.26031494140625 345.0054626464844
002222 0.596005916595459 19.446447372436523 15.093744277954102 308.9029235839844 481.41741943359375
002254 0.16287952661514282 72.77481842041016 186.66978454589844 258.89013671875 453.3605041503906
002275 0.6950057744979858 28.80895233154297 25.683706283569336 466.4861145019531 402.400146484375
002303 0.18257781863212585 32.09600067138672 29.40062713623047 451.24749755859375 323.0344543457031
002304 0.5671548843383789 48.675018310546875 25.993925094604492 439.0595703125 337.31097412109375
002327 0.17001080513000488 50.58877944946289 82.21376037597656 275.5055847167969 438.00408935546875
002430 0.1350148469209671 63.44647979736328 19.797765731811523 428.073974609375 367.5820007324219
002440 0.49755561351776123 40.333641052246094 26.655271530151367 320.99688720703125 494.0623779296875
002485 0.1973259001970291 78.73420715332031 52.45323181152344 428.1198425292969 324.3212890625
002597 0.20485222339630127 15.013456344604492 29.741037368774414 463.04400634765625 353.4438171386719
002616 0.2355639785528183 45.10307312011719 25.141429901123047 452.135009765625 310.7049255371094
002642 0.32554110884666443 112.48600006103516 96.35353088378906 248.64724731445312 391.470458984375
002694 0.10392219573259354 31.79514503479004 24.508808135986328 479.2068786621094 363.9429626464844
002725 0.11045662313699722 112.21698760986328 19.257619857788086 479.4110107421875 332.1041259765625
002736 0.3308490216732025 25.32706069946289 52.537757873535156 349.7547607421875 479.3966064453125
002787 0.2583172023296356 62.900230407714844 55.318180084228516 431.2424011230469 345.41351318359375
002805 0.17279469966888428 80.93997955322266 41.27174758911133 357.6956481933594 376.5377502441406
002861 0.10243205726146698 23.232521057128906 44.27300262451172 324.2944641113281 496.82659912109375
002903 0.26541391015052795 21.09904670715332 13.884703636169434 477.45355224609375 367.6978759765625
002926 0.2501227557659149 168.923828125 85.64891052246094 329.07635498046875 231.3711700439453
002926 0.15336397290229797 140.39511108398438 55.96958923339844 344.1477966308594 173.3014373779297
002936 0.579345166683197 52.08300018310547 10.05018138885498 471.7295227050781 315.13214111328125
002970 0.4280605912208557 31.382457733154297 42.92900085449219 456.0203552246094 348.8595886230469
003019 0.3805675506591797 1.3055503368377686 44.57624435424805 460.15325927734375 346.3876953125
003080 0.2705920934677124 83.79908752441406 61.84027099609375 401.7353210449219 325.1705322265625
003119 0.12041469663381577 30.611948013305664 29.73568344116211 464.8851013183594 391.0624694824219
003166 0.18702366948127747 12.347877502441406 48.091312408447266 476.9089050292969 361.0561828613281
003227 0.6895255446434021 16.351566314697266 23.6409912109375 493.19378662109375 380.8944396972656
003238 0.8833625912666321 32.61074447631836 27.869136810302734 432.6015319824219 423.2986145019531
003241 0.2076893150806427 139.1314697265625 132.51748657226562 384.9434509277344 351.4620056152344
003246 0.1089107021689415 50.57174301147461 98.3193130493164 438.334716796875 358.8017883300781
003287 0.7340258359909058 1.597386360168457 10.597640037536621 322.37481689453125 263.6458740234375
003319 0.12524929642677307 24.711177825927734 102.05947875976562 313.4991455078125 301.0831298828125
003371 0.2893235683441162 13.578639030456543 26.938064575195312 483.0933532714844 369.4205627441406
003384 0.12973158061504364 75.83059692382812 47.01609802246094 408.0869140625 321.1313781738281
003427 0.1337064653635025 181.32516479492188 133.87484741210938 467.1775207519531 347.3576965332031
003480 0.34855321049690247 21.002904891967773 9.15141773223877 489.68023681640625 363.5974426269531
003504 0.3054124116897583 45.806705474853516 31.61525535583496 431.5444641113281 342.9169921875
003560 0.5722187161445618 47.0518798828125 22.521839141845703 463.042724609375 348.7125549316406
003615 0.371269166469574 55.4347038269043 100.26956939697266 416.5823669433594 342.707275390625
003647 0.6051166653633118 56.70289611816406 24.686237335205078 397.19140625 372.39300537109375
003724 0.2850359082221985 50.50331497192383 83.51294708251953 434.15582275390625 325.1202697753906
003778 0.7084136009216309 26.844696044921875 40.024444580078125 448.0913391113281 461.86590576171875
003782 0.5941936373710632 34.39670944213867 25.09362030029297 458.4303283691406 353.69366455078125
003794 0.1033475250005722 246.8170928955078 37.01217269897461 493.3783264160156 334.9677734375
003812 0.3940567970275879 131.71795654296875 53.798274993896484 354.4773864746094 340.5491943359375
003812 0.13952530920505524 214.74749755859375 60.145408630371094 438.0606994628906 324.5262145996094
003813 0.2814989984035492 63.065608978271484 25.28748893737793 424.3999328613281 308.2409362792969
003816 0.15195636451244354 175.25563049316406 54.64365005493164 427.0050964355469 272.98236083984375
003840 0.21717646718025208 119.31901550292969 66.70512390136719 363.17169189453125 430.12078857421875
003841 0.21805647015571594 16.062334060668945 31.912437438964844 445.94622802734375 435.58233642578125
003880 0.35766980051994324 161.71055603027344 34.0367431640625 483.4718933105469 355.4241027832031
003880 0.1563730388879776 54.77408981323242 21.748571395874023 341.17724609375 367.7963562011719
003901 0.6008897423744202 40.50522994995117 45.3402099609375 307.78350830078125 464.05255126953125
003906 0.5153455138206482 128.44358825683594 14.983963966369629 464.5968322753906 304.6244812011719
003906 0.2296130210161209 60.869544982910156 27.498395919799805 335.9267272949219 300.5299377441406
003920 0.14014053344726562 51.528961181640625 47.0328369140625 460.6820373535156 335.9546813964844
003925 0.42730069160461426 8.001070022583008 14.106534957885742 300.7790832519531 232.25477600097656
003933 0.19630666077136993 23.49867057800293 31.940170288085938 479.7559509277344 312.1769104003906
004044 0.3538348376750946 112.57837677001953 123.7948989868164 386.60015869140625 351.1343078613281
004048 0.6802555322647095 2.8066189289093018 12.850452423095703 460.081298828125 366.30474853515625
004114 0.29842516779899597 84.1031723022461 133.0790557861328 418.44781494140625 347.9931945800781
004116 0.14966142177581787 150.81195068359375 49.29539108276367 347.08917236328125 279.880859375
004161 0.46846652030944824 20.952512741088867 49.29819869995117 358.5072937011719 475.88909912109375
004165 0.18372172117233276 67.24433898925781 21.713029861450195 425.3760986328125 311.7222900390625
004306 0.11527144908905029 137.01983642578125 54.32143783569336 404.01885986328125 321.1383972167969
004400 0.15333326160907745 60.30403137207031 10.266647338867188 430.5513916015625 367.62188720703125
004407 0.28695231676101685 11.790811538696289 10.240763664245605 307.4880065917969 480.8122253417969
004427 0.237488254904747 119.52593231201172 48.779624938964844 372.9405517578125 336.3663024902344
004444 0.7366976737976074 2.2462756633758545 13.258773803710938 461.2124938964844 328.3667297363281
004467 0.29558005928993225 214.06561279296875 50.04985427856445 438.1047668457031 296.3185119628906
004467 0.16900992393493652 161.75985717773438 32.88573455810547 347.2711181640625 295.35772705078125
004489 0.17541299760341644 73.67193603515625 26.231853485107422 424.8978271484375 311.51226806640625
004504 0.15568912029266357 33.59642791748047 63.200538635253906 442.05010986328125 286.1803283691406
004511 0.5968483090400696 35.34946060180664 17.54710578918457 479.7080993652344 281.5111083984375
004515 0.5292879939079285 16.270397186279297 5.726412296295166 348.4173583984375 470.5372619628906
004569 0.15958835184574127 8.364581108093262 43.189186096191406 248.77105712890625 476.8168029785156
004577 0.3212968409061432 51.242919921875 55.16689682006836 442.5584411621094 334.2931823730469
004696 0.1392277628183365 169.18736267089844 70.38976287841797 313.3257141113281 165.94544982910156
004736 0.16350987553596497 68.6991195678711 62.20002746582031 248.52813720703125 443.43096923828125
004759 0.911588191986084 -3.47745418548584 1.7742365598678589 478.19342041015625 367.0219421386719
004809 0.353447824716568 34.95283508300781 39.591575622558594 360.1188659667969 335.4996337890625
004809 0.10886403918266296 151.42507934570312 45.64203643798828 439.3524475097656 327.0218200683594
004845 0.3903655707836151 10.52621078491211 6.4238481521606445 450.802490234375 311.3511657714844
004851 0.3655763566493988 38.807212829589844 23.509506225585938 446.3702697753906 363.84613037109375
004888 0.18919365108013153 91.5586929321289 139.98484802246094 291.1772766113281 455.67315673828125
004888 0.1358851194381714 62.065093994140625 61.631160736083984 214.4108123779297 398.8067626953125
004975 0.451244056224823 34.04042053222656 163.02452087402344 325.6656494140625 456.91314697265625
005010 0.14949952065944672 59.69967269897461 48.69689178466797 446.27197265625 335.9346923828125
005050 0.12602031230926514 123.82545471191406 37.715065002441406 461.515380859375 330.26800537109375
005051 0.28049370646476746 16.784608840942383 22.933679580688477 478.67926025390625 404.6254577636719
005089 0.1558731645345688 80.73577880859375 64.50346374511719 310.47027587890625 288.1932067871094
005109 0.23912237584590912 21.111637115478516 18.988000869750977 465.2060241699219 337.23907470703125
005155 0.8997177481651306 -6.2069597244262695 22.225231170654297 470.7701110839844 376.4287414550781
005165 0.3108788728713989 46.8423957824707 50.28383255004883 455.1900329589844 335.7308654785156
005193 0.12954658269882202 127.46185302734375 126.8462905883789 359.67327880859375 331.8234558105469
005201 0.1604911983013153 181.34054565429688 63.96220016479492 412.6291809082031 313.7450866699219
005228 0.1634318083524704 186.45849609375 85.28502655029297 428.9339599609375 185.7248077392578
005309 0.5779473781585693 8.183121681213379 15.37539291381836 480.98614501953125 328.9073486328125
005317 0.5068874955177307 12.798578262329102 7.648196220397949 495.0158996582031 366.2344970703125
005394 0.5255150198936462 7.73582649230957 44.66067123413086 356.77032470703125 465.17913818359375
005444 0.1782841682434082 94.7529296875 108.96243286132812 420.7436218261719 370.4975891113281
005444 0.10264193266630173 197.6128387451172 61.12000274658203 460.8277587890625 310.2218017578125
005460 0.3293198347091675 6.183058261871338 34.082061767578125 467.7789001464844 372.18218994140625
005462 0.617700457572937 32.66301345825195 37.131072998046875 308.1277160644531 455.91314697265625
005474 0.2681584656238556 85.67210388183594 101.48223114013672 392.78472900390625 279.2843933105469
005538 0.1135653629899025 80.27322387695312 224.32391357421875 237.16387939453125 394.75897216796875
005562 0.26311734318733215 32.14717102050781 13.229537963867188 469.6294250488281 369.74920654296875
005564 0.26001977920532227 71.57209777832031 90.88856506347656 259.16156005859375 404.9043884277344
005646 0.4011310935020447 190.89634704589844 141.42930603027344 303.3305358886719 219.3313446044922
005646 0.3283804655075073 153.19293212890625 147.28822326660156 334.05029296875 241.56105041503906
005688 0.21043914556503296 31.734392166137695 25.76459312438965 428.9710693359375 299.9332580566406
005776 0.1420624852180481 111.7140884399414 81.42220306396484 389.76348876953125 295.5845642089844
005820 0.43916234374046326 13.575942039489746 15.70423412322998 479.1087646484375 305.1539611816406
005832 0.3551469147205353 134.4653778076172 108.53947448730469 375.9527893066406 353.5118103027344
005832 0.17174674570560455 176.3591766357422 105.93556213378906 328.0054626464844 267.4866027832031
005872 0.30343323945999146 31.4126033782959 45.9229850769043 425.1477966308594 344.5907287597656
005936 0.1546270102262497 48.77464294433594 34.96744155883789 435.1051025390625 264.2482604980469
005949 0.8012580275535583 35.3150520324707 21.49640464782715 466.8195495605469 321.56219482421875
005957 0.1844136118888855 114.19029998779297 34.96096420288086 406.3311462402344 270.9976806640625
005962 0.1386135220527649 83.15914154052734 80.57421875 306.8748779296875 258.7740173339844
005962 0.11194805800914764 150.8878173828125 114.62947082519531 356.4100646972656 304.55157470703125
005977 0.583846390247345 12.60787296295166 28.342164993286133 455.27874755859375 346.6627197265625
005997 0.2671634554862976 204.93136596679688 130.7508544921875 268.64093017578125 236.8166046142578
006037 0.13065475225448608 138.35598754882812 34.63788986206055 366.4849853515625 169.03851318359375
006052 0.1343219131231308 92.36860656738281 33.194393157958984 420.8761901855469 353.7925109863281
006063 0.32369372248649597 83.3547592163086 60.44884490966797 386.5859069824219 338.5118408203125
006064 0.6834847927093506 28.20858383178711 16.876056671142578 476.1461486816406 358.16717529296875
006080 0.9666749238967896 -5.967676639556885 2.987548828125 484.25286865234375 498.5873718261719
006090 0.672515332698822 19.779111862182617 20.696744918823242 356.7328796386719 487.6269226074219
006144 0.3573954999446869 119.85014343261719 56.05337142944336 323.29034423828125 441.84832763671875
006144 0.11085304617881775 57.80636978149414 165.2965087890625 283.5119934082031 472.53167724609375
006280 0.11814635246992111 357.1730041503906 124.85713958740234 450.9638366699219 218.3347930908203
006303 0.5142001509666443 167.74037170410156 128.91326904296875 344.009765625 339.294189453125
006303 0.13793493807315826 188.43724060058594 92.60010528564453 293.2362365722656 308.3746032714844
006303 0.10161341726779938 212.75381469726562 75.38323211669922 428.9587097167969 301.8935546875
006336 0.2251635044813156 34.72898864746094 37.72084426879883 353.001708984375 456.7171936035156
006394 0.22252731025218964 38.673057556152344 55.05450439453125 289.8936767578125 452.6504821777344
006439 0.12716522812843323 28.786081314086914 15.42040729522705 348.0975036621094 477.1999206542969
006451 0.2069844901561737 63.23979949951172 44.59617614746094 341.3276062011719 321.30426025390625
006451 0.12536591291427612 182.34304809570312 67.53163146972656 447.19732666015625 296.2339172363281
006494 0.13141386210918427 87.74571228027344 65.64832305908203 300.3459167480469 451.0592041015625
006498 0.23627176880836487 10.526944160461426 38.34466552734375 288.7613830566406 470.2753601074219
006557 0.16436885297298431 214.0037384033203 128.14512634277344 303.3793640136719 266.66534423828125
006557 0.12842071056365967 151.95265197753906 148.19711303710938 370.11273193359375 336.28961181640625
006558 0.17629672586917877 84.61349487304688 54.48667907714844 371.0888671875 318.0648193359375
006596 0.6938220858573914 88.96875762939453 61.747013092041016 401.14251708984375 335.8310241699219
006641 0.36177971959114075 44.29549026489258 23.072229385375977 456.19769287109375 366.6260986328125
006688 0.24218212068080902 75.23882293701172 37.11334228515625 453.36151123046875 325.3609924316406
006774 0.12699373066425323 46.156185150146484 65.70088958740234 436.9248046875 314.35931396484375
006818 0.2647528052330017 79.96349334716797 83.82350158691406 406.0500793457031 275.28082275390625
006818 0.17867232859134674 167.74539184570312 134.4859161376953 443.0620422363281 284.8221740722656
006820 0.25378334522247314 80.46087646484375 31.567110061645508 415.85797119140625 334.7202453613281
006832 0.11221989244222641 54.04475402832031 21.962732315063477 469.254638671875 315.2471923828125
006871 0.11369777470827103 103.02732849121094 52.42839050292969 405.9847412109375 280.1377258300781
006894 0.12408741563558578 193.23509216308594 72.59984588623047 456.7812194824219 298.9824523925781
006960 0.6450390219688416 49.93037796020508 25.724567413330078 409.2861633300781 358.5205993652344
006979 0.8125316500663757 16.451797485351562 28.78668975830078 414.1991271972656 507.29071044921875
006999 0.2684065103530884 35.441802978515625 15.996504783630371 465.0987243652344 357.3359680175781
007027 0.3826405704021454 9.657011032104492 33.73868179321289 462.85540771484375 245.88900756835938
007041 0.15009529888629913 84.29208374023438 37.06882858276367 354.4652404785156 464.7820129394531
007063 0.12364321947097778 35.307376861572266 15.004165649414062 450.150634765625 347.9284362792969
007063 0.11711721122264862 192.62649536132812 45.9261589050293 471.85552978515625 320.63873291015625
007098 0.3456518352031708 92.34051513671875 56.576881408691406 408.321044921875 400.5458679199219
007145 0.1690479815006256 117.12599182128906 80.18831634521484 415.0037841796875 332.6952209472656
007145 0.11000289767980576 201.51937866210938 43.39155197143555 461.9465637207031 293.6213684082031
007199 0.7913955450057983 42.55463409423828 19.393310546875 471.9799499511719 369.9521484375
007231 0.14543265104293823 77.589111328125 67.75688171386719 401.1885681152344 243.97439575195312
007238 0.23260509967803955 38.02507400512695 173.112548828125 261.9472351074219 443.20367431640625
007291 0.35063937306404114 33.505516052246094 10.35422134399414 451.7075500488281 348.337158203125
007331 0.4120425581932068 29.98532485961914 20.335023880004883 454.553466796875 371.0326232910156
007360 0.2966228723526001 75.83074188232422 42.993431091308594 433.3899841308594 325.4656677246094
007409 0.39394477009773254 61.77347946166992 108.38228607177734 453.02178955078125 375.8199462890625
007441 0.5198900103569031 46.222076416015625 15.088050842285156 430.68157958984375 340.2386474609375
007463 0.2775626480579376 134.07913208007812 67.40242767333984 352.78436279296875 430.1060485839844
007487 0.32036083936691284 121.92738342285156 27.5577449798584 474.6468811035156 349.0717468261719
007542 0.23025068640708923 110.32402801513672 126.0793685913086 405.4402160644531 369.09765625
007587 0.16564595699310303 102.18453979492188 55.764469146728516 485.7716064453125 369.28289794921875
007661 0.4674946665763855 46.8798713684082 54.01988220214844 459.71514892578125 331.3721618652344
007811 0.17990906536579132 77.30870056152344 114.12015533447266 428.99908447265625 384.0581970214844
007827 0.11296236515045166 12.585759162902832 11.411087989807129 452.7064208984375 268.41326904296875
007829 0.13074512779712677 54.44093322753906 64.58206939697266 299.6435546875 432.719482421875
007867 0.23265835642814636 9.883747100830078 30.31621742248535 476.2429504394531 331.8241271972656
007880 0.2872030436992645 61.83489227294922 87.24845123291016 341.5241394042969 271.978271484375
008011 0.13067159056663513 35.93963623046875 39.618621826171875 460.4385681152344 311.8896179199219
008045 0.11485090106725693 23.12635040283203 103.13774108886719 467.88043212890625 351.8167419433594
008089 0.11965154856443405 83.23192596435547 102.50660705566406 407.25408935546875 294.70062255859375
008089 0.1076917052268982 331.7966613769531 69.42562866210938 470.07672119140625 254.18411254882812
008149 0.5433681607246399 15.710607528686523 19.571487426757812 473.4789733886719 364.88043212890625
008182 0.1395929604768753 108.58853912353516 52.59356689453125 430.7608642578125 238.36190795898438
008240 0.48960646986961365 24.800600051879883 35.519981384277344 460.6930236816406 341.2902526855469
008267 0.357636421918869 157.87332153320312 142.98976135253906 367.4000244140625 348.08123779296875
008304 0.3265523314476013 44.806190490722656 96.78610229492188 342.523681640625 428.8045349121094
008343 0.521384060382843 -0.9689100384712219 52.09592056274414 311.8424987792969 482.6968078613281
008539 0.6895943880081177 15.480175971984863 4.268791675567627 460.7709655761719 349.8831481933594
008575 0.8187412023544312 7.013383865356445 28.98249053955078 321.2911682128906 513.6304321289062
008613 0.11914423853158951 20.991758346557617 32.079620361328125 470.1394348144531 292.3900451660156
008649 0.3157197833061218 49.6916618347168 21.66948890686035 471.2192077636719 372.2132568359375
008656 0.23497752845287323 84.35211944580078 60.53055191040039 401.9157409667969 297.1599426269531
008703 0.13785246014595032 124.21426391601562 54.934391021728516 393.6393127441406 333.2342529296875
008737 0.7734969854354858 28.67426109313965 4.83369779586792 480.8901672363281 326.017578125
008767 0.20204244554042816 190.54873657226562 101.03768157958984 322.9552917480469 278.0895080566406
008767 0.11474628746509552 138.39340209960938 145.70291137695312 386.0116271972656 322.04962158203125
008781 0.25972142815589905 130.97476196289062 63.78313064575195 358.3648986816406 275.59295654296875
008787 0.6689998507499695 55.70113754272461 26.571025848388672 467.5096130371094 333.6586608886719
008795 0.13519465923309326 41.61083984375 58.20766067504883 326.1195068359375 270.2427062988281
008830 0.15287451446056366 113.38116455078125 119.46990966796875 384.39776611328125 352.9638977050781
008846 0.4644054174423218 152.74473571777344 78.53167724609375 334.76800537109375 260.12506103515625
008846 0.15156503021717072 228.32208251953125 82.44841766357422 413.4414367675781 251.97901916503906
008875 0.11705727130174637 57.06760787963867 66.3527603149414 335.5290222167969 439.28192138671875
008924 0.5117692351341248 19.587100982666016 36.2581901550293 486.4169616699219 349.7864685058594
008935 0.16914056241512299 56.9326286315918 29.316181182861328 456.1243896484375 310.9332275390625
008972 0.14635352790355682 63.91434097290039 68.72154998779297 298.90863037109375 442.62762451171875
008996 0.10675901919603348 38.57857131958008 130.9365997314453 321.4507141113281 468.81854248046875
009057 0.40112000703811646 126.81574249267578 71.85913848876953 357.3377990722656 267.8548583984375
009057 0.18368180096149445 222.81173706054688 60.31901931762695 443.1964111328125 270.1945495605469
009057 0.11078792065382004 175.8345489501953 62.58979034423828 308.4283752441406 166.86875915527344
009107 0.243822380900383 19.03058624267578 56.69466018676758 392.7892150878906 330.3290710449219
009132 0.14213399589061737 55.21951675415039 44.641788482666016 447.4070739746094 290.4415283203125
009183 0.5839106440544128 16.262218475341797 18.261474609375 486.0235900878906 377.6578369140625
009234 0.1935988813638687 54.768741607666016 130.57273864746094 355.48577880859375 339.0218505859375
009256 0.3238942623138428 37.51333236694336 92.89288330078125 434.6076965332031 352.9258117675781
009276 0.10449212044477463 73.42539978027344 290.5401611328125 261.573486328125 474.3779602050781
009346 0.11799979209899902 318.57537841796875 94.14835357666016 484.13165283203125 275.0220947265625
009449 0.1404103934764862 145.2342529296875 102.60562896728516 384.5818786621094 285.8313903808594
009449 0.12383931130170822 154.5857391357422 143.67459106445312 473.1185607910156 336.7933349609375
009483 0.3737008273601532 39.97749710083008 51.80762481689453 290.0460510253906 471.4136962890625
009485 0.31708261370658875 73.39020538330078 47.06083297729492 434.8981628417969 331.41650390625
009489 0.3545391261577606 176.35763549804688 111.64340209960938 337.25439453125 269.29718017578125
009522 0.2426016479730606 27.797054290771484 60.408878326416016 358.7565002441406 297.42291259765625
009544 0.11962760239839554 117.26172637939453 54.166316986083984 380.2020568847656 311.0962829589844
009575 0.1526598036289215 47.57553482055664 26.251134872436523 443.9739990234375 301.0148620605469
009589 0.5213651657104492 65.6238021850586 113.95071411132812 415.9046630859375 337.6183776855469
009640 0.5832895040512085 165.5370330810547 116.64429473876953 314.48797607421875 272.1107482910156
009646 0.36695149540901184 34.35514831542969 103.49785614013672 370.5366516113281 357.7785339355469
009669 0.8233283758163452 11.0208101272583 2.827436685562134 488.8026123046875 323.4112854003906
009672 0.5892332196235657 135.99618530273438 121.14654541015625 464.16583251953125 348.08770751953125
009720 0.20153339207172394 117.19495391845703 20.683530807495117 474.21234130859375 350.8409423828125
009786 0.5174954533576965 100.34122467041016 57.325870513916016 410.00994873046875 304.5450744628906
009786 0.11446862667798996 256.461181640625 49.98540115356445 489.7444763183594 322.31201171875
009814 0.21646006405353546 69.97332000732422 33.264198303222656 332.03167724609375 329.13140869140625
009820 0.2560111880302429 49.202056884765625 25.24830436706543 473.5806579589844 342.0155944824219
009956 0.49078381061553955 88.57657623291016 25.209590911865234 428.2447814941406 339.82440185546875
