000176 0.14963503181934357 55.138248443603516 158.85992431640625 180.1349334716797 330.7579040527344
000412 0.15616022050380707 78.03829956054688 83.97901916503906 314.450927734375 314.1143798828125
000627 0.16878189146518707 69.60326385498047 113.70674133300781 264.68780517578125 256.0331726074219
000725 0.10479909926652908 347.7448425292969 150.5658416748047 427.7947998046875 196.1707000732422
001329 0.12727510929107666 50.08357238769531 135.53895568847656 147.27047729492188 237.11895751953125
001635 0.12885740399360657 448.5083923339844 144.05889892578125 494.7315673828125 191.45216369628906
001665 0.13759845495224 134.58538818359375 131.15769958496094 227.56427001953125 236.90493774414062
001764 0.5085166096687317 281.19830322265625 105.50484466552734 325.3232421875 151.62582397460938
001764 0.4368630647659302 165.2631072998047 97.50824737548828 225.70668029785156 150.66952514648438
001764 0.19077928364276886 91.82097625732422 90.43276977539062 162.0373077392578 150.47152709960938
001917 0.16706326603889465 346.75445556640625 156.7218780517578 444.72900390625 237.79794311523438
001955 0.13365398347377777 191.8956756591797 160.60284423828125 313.1180114746094 250.565673828125
002005 0.20634447038173676 324.9618225097656 147.88475036621094 456.0615234375 258.1366882324219
002005 0.15334472060203552 79.79151153564453 117.28692626953125 266.6550598144531 294.03912353515625
002005 0.14806893467903137 336.9702453613281 120.07826232910156 461.3171081542969 217.453369140625
002005 0.13324947655200958 418.2754821777344 124.3828125 500.1549987792969 221.01416015625
002046 0.10106250643730164 28.844741821289062 90.32070922851562 207.2494659423828 429.2795715332031
002326 0.20727956295013428 206.70034790039062 162.18373107910156 289.87591552734375 228.86099243164062
002326 0.14796438813209534 196.66561889648438 140.82708740234375 263.57769775390625 230.13787841796875
002338 0.14668051898479462 181.59849548339844 112.00288391113281 326.4131774902344 251.37265014648438
002338 0.11460110545158386 107.57150268554688 84.79357147216797 368.4800720214844 273.1705017089844
002587 0.22465482354164124 6.325260162353516 61.72518539428711 175.2224884033203 311.00830078125
002587 0.13289374113082886 75.61592102050781 76.34851837158203 314.23394775390625 294.50286865234375
002770 0.1953432559967041 43.54093933105469 171.36192321777344 169.6473388671875 299.2738342285156
002770 0.1306375116109848 90.83739471435547 168.29141235351562 236.63864135742188 300.99481201171875
002770 0.11483623087406158 48.90031051635742 135.20751953125 169.24281311035156 252.0341796875
002818 0.12101638317108154 350.4758605957031 206.40138244628906 440.1695251464844 282.83349609375
002849 0.12037769705057144 26.381359100341797 81.69153594970703 166.84788513183594 262.6563720703125
003087 0.11017903685569763 121.7772216796875 134.73361206054688 368.7513732910156 345.653076171875
003201 0.4881371259689331 16.308948516845703 59.637882232666016 164.46421813964844 252.38417053222656
003201 0.24270138144493103 180.38926696777344 55.325355529785156 422.30584716796875 277.3632507324219
003201 0.21295203268527985 320.7415466308594 63.650978088378906 488.5494384765625 259.5205383300781
003201 0.18793950974941254 42.975791931152344 65.35143280029297 288.45025634765625 253.95494079589844
003201 0.12725774943828583 258.702880859375 122.93907165527344 408.1690368652344 271.001953125
003533 0.1353551745414734 48.94504928588867 105.17674255371094 160.7128143310547 160.87063598632812
003592 0.12859472632408142 66.64339447021484 168.89430236816406 244.0208740234375 421.6554870605469
003595 0.13716451823711395 164.7459259033203 231.8448944091797 354.7989501953125 341.2093505859375
003595 0.1005818098783493 277.73858642578125 246.15826416015625 365.7414245605469 331.3575134277344
003633 0.4687741696834564 165.4612579345703 166.7386016845703 304.8690490722656 261.70721435546875
003633 0.2754276394844055 286.197998046875 165.77947998046875 366.12640380859375 246.92813110351562
003633 0.23694728314876556 125.33021545410156 161.70469665527344 237.46189880371094 258.21893310546875
003633 0.20806090533733368 299.5178527832031 144.13807678222656 355.2474670410156 199.4875030517578
003633 0.12872610986232758 339.3514709472656 170.30557250976562 436.1029052734375 248.02516174316406
003633 0.12493693828582764 116.45256805419922 142.9784393310547 217.64955139160156 216.00808715820312
003720 0.2379710078239441 410.6695861816406 123.03678894042969 508.7733459472656 215.0835418701172
003914 0.2244737297296524 121.50868225097656 131.29971313476562 233.09349060058594 198.71026611328125
003914 0.22114260494709015 434.6583557128906 130.40774536132812 514.8499145507812 179.32516479492188
004022 0.12491799145936966 420.3122863769531 139.21392822265625 521.230224609375 227.56597900390625
004233 0.4007491171360016 128.9207000732422 153.14064025878906 350.4933166503906 298.9640197753906
004233 0.11666157096624374 245.95541381835938 153.02410888671875 417.1235656738281 334.5220031738281
004233 0.10703174024820328 71.72257232666016 135.36570739746094 157.95745849609375 220.91680908203125
004445 0.31745997071266174 34.95724105834961 78.28298950195312 167.19126892089844 276.37261962890625
004445 0.189732626080513 321.5260314941406 98.35125732421875 464.802490234375 277.2981262207031
004445 0.1334405243396759 57.1536750793457 66.91922760009766 426.95538330078125 307.35552978515625
004522 0.2164783477783203 232.8271026611328 185.83480834960938 423.6611328125 309.9529724121094
004741 0.15043549239635468 95.14205932617188 85.4414291381836 259.2987365722656 196.03810119628906
005080 0.13035550713539124 30.468265533447266 63.0463981628418 181.46824645996094 259.0936584472656
005147 0.10565273463726044 133.78086853027344 113.57640838623047 339.17669677734375 254.68898010253906
005147 0.10292059928178787 153.51168823242188 154.32168579101562 334.38787841796875 225.5608367919922
005324 0.19520707428455353 330.7615661621094 193.7073516845703 458.8764343261719 306.11749267578125
005335 0.19948247075080872 336.4669494628906 205.7132568359375 448.9656982421875 284.2663879394531
005339 0.4355502128601074 -2.426184892654419 56.97380447387695 205.73056030273438 314.80303955078125
005339 0.21525132656097412 192.3556365966797 53.32767868041992 411.4596252441406 357.8155822753906
005339 0.15793630480766296 308.9764099121094 77.50345611572266 481.76849365234375 315.2271728515625
005339 0.15672384202480316 58.06278610229492 71.82709503173828 277.78778076171875 317.8412780761719
005339 0.10019116848707199 302.70587158203125 47.75468444824219 475.00750732421875 217.04537963867188
005578 0.2047564685344696 111.78764343261719 116.54359436035156 237.7915496826172 267.85321044921875
005711 0.1272546797990799 124.39738464355469 133.6775665283203 237.84898376464844 245.1035919189453
005916 0.1730073243379593 271.63507080078125 139.73245239257812 375.5697021484375 235.48602294921875
005916 0.1659487634897232 273.1920471191406 174.92967224121094 393.9565124511719 296.8300476074219
005916 0.1553136706352234 37.07588577270508 165.7536163330078 174.25851440429688 299.3469543457031
005916 0.13311831653118134 361.7286682128906 151.30224609375 442.2384948730469 232.5185546875
005916 0.12516461312770844 329.8551025390625 175.94993591308594 440.3883056640625 285.81390380859375
005916 0.10501974821090698 104.75251007080078 137.24508666992188 237.897705078125 247.37832641601562
006085 0.16107170283794403 228.02175903320312 36.75676345825195 419.8063659667969 212.79928588867188
006085 0.1289435774087906 94.1036148071289 70.77265167236328 261.6408386230469 180.07925415039062
006217 0.26776570081710815 209.04977416992188 202.37808227539062 321.8316345214844 444.4478759765625
006217 0.22464512288570404 61.21797561645508 170.52841186523438 188.56686401367188 469.744384765625
006217 0.11986923217773438 95.01427459716797 280.09771728515625 237.15965270996094 476.8085632324219
006316 0.22039929032325745 222.696533203125 71.13481903076172 440.9828186035156 253.7689666748047
006316 0.2159135490655899 39.89362716674805 59.500755310058594 330.189208984375 269.3038330078125
006316 0.14362546801567078 17.837055206298828 64.55052185058594 197.1254425048828 257.06494140625
006378 0.34189844131469727 262.4842529296875 167.513671875 394.30096435546875 303.0594787597656
006401 0.26215529441833496 145.54733276367188 178.16693115234375 203.66680908203125 241.1783447265625
006401 0.22734898328781128 301.18646240234375 175.58908081054688 359.9988098144531 259.6535339355469
006401 0.17360299825668335 331.98358154296875 174.6228485107422 449.0262451171875 253.49713134765625
006401 0.16899318993091583 259.8153991699219 167.1703643798828 353.90362548828125 261.24493408203125
006401 0.14180506765842438 129.16603088378906 149.21336364746094 215.53468322753906 266.1145935058594
006478 0.2601241171360016 375.4909973144531 179.19134521484375 412.9516296386719 211.19517517089844
006478 0.19490061700344086 455.2770080566406 175.73342895507812 491.9500732421875 225.51824951171875
006522 0.15185154974460602 78.88414764404297 99.45744323730469 312.09503173828125 350.5455322265625
006522 0.10203482210636139 192.93145751953125 131.41416931152344 457.2072448730469 347.4640808105469
006573 0.109274722635746 71.99015808105469 93.75267028808594 318.41802978515625 373.63140869140625
006815 0.3952491581439972 224.7029571533203 129.27963256835938 441.26947021484375 242.0926971435547
006815 0.21084114909172058 49.88580322265625 94.7537841796875 159.4883575439453 193.88482666015625
006815 0.20979493856430054 168.422607421875 94.9345474243164 334.6817626953125 212.84133911132812
006815 0.12159977108240128 81.86320495605469 110.26677703857422 260.8166198730469 236.39820861816406
006815 0.1139790266752243 127.7545166015625 103.80470275878906 271.5555114746094 200.15274047851562
007069 0.3241971433162689 140.42237854003906 132.3370361328125 213.85205078125 204.0017852783203
007069 0.15208998322486877 351.1474914550781 126.17646789550781 432.3420104980469 199.67623901367188
007069 0.14987890422344208 74.43962860107422 134.0546112060547 156.9562225341797 198.046630859375
007069 0.1212390586733818 142.83447265625 156.55247497558594 234.7902374267578 199.946533203125
007069 0.11348764598369598 334.1000061035156 149.2159881591797 438.37969970703125 255.9271697998047
007198 0.25432464480400085 56.930049896240234 121.55580139160156 266.78277587890625 295.05499267578125
007198 0.18619336187839508 282.1173095703125 106.27030944824219 369.87860107421875 247.5066680908203
007198 0.15308086574077606 22.470653533935547 82.41394805908203 168.10665893554688 249.53477478027344
007198 0.13620290160179138 270.1814880371094 142.43685913085938 408.1369323730469 290.4039611816406
007198 0.13466712832450867 121.78424835205078 87.73358154296875 286.27764892578125 259.55584716796875
007198 0.10492303967475891 415.9234619140625 117.7657241821289 522.6591796875 216.69508361816406
007452 0.1683432161808014 22.02182388305664 162.1920623779297 136.96141052246094 334.3489990234375
007452 0.14096464216709137 58.30237579345703 173.2417449951172 209.541015625 344.5323791503906
007599 0.24012699723243713 83.86556243896484 127.87191009521484 269.9510803222656 289.30682373046875
007599 0.15410774946212769 46.73587417602539 108.4947509765625 166.7056427001953 241.86270141601562
007599 0.14886264503002167 272.0697326660156 127.06991577148438 375.4700622558594 217.83522033691406
007599 0.13443143665790558 220.36756896972656 147.11770629882812 397.8340148925781 275.0453186035156
007774 0.3668747544288635 -3.3877344131469727 49.914424896240234 336.6763610839844 338.8732604980469
007774 0.16787797212600708 31.155460357666016 75.55201721191406 193.9919891357422 314.9501037597656
007774 0.10550437867641449 214.0053253173828 140.113525390625 419.34375 336.947265625
008000 0.25883257389068604 281.8992614746094 188.11715698242188 380.84832763671875 298.74688720703125
008000 0.21609492599964142 116.6496810913086 154.97702026367188 243.6705322265625 299.37811279296875
008090 0.1560332179069519 343.3866271972656 117.06197357177734 432.3836975097656 159.19900512695312
008090 0.11843550950288773 448.21661376953125 141.71372985839844 510.7976989746094 218.23434448242188
008109 0.10668140649795532 259.119873046875 151.10626220703125 407.7073059082031 310.19573974609375
008109 0.10202810913324356 101.5859603881836 146.1363525390625 246.44863891601562 310.2716979980469
008192 0.28401023149490356 254.613525390625 164.5446319580078 396.0553894042969 318.2810363769531
008328 0.11695732176303864 119.08749389648438 150.2513885498047 246.66534423828125 447.3283386230469
008344 0.10919567197561264 351.0254821777344 178.05007934570312 425.0191345214844 260.56231689453125
008491 0.1861003190279007 209.17587280273438 171.1175994873047 308.9400329589844 247.65640258789062
008491 0.10160517692565918 280.5445251464844 170.79080200195312 363.8443298339844 241.6996612548828
008527 0.19064481556415558 49.42918395996094 92.06301879882812 157.77108764648438 261.4466857910156
008527 0.1335284411907196 233.75567626953125 109.75695037841797 417.607666015625 252.63320922851562
008527 0.10179269313812256 104.18250274658203 94.90907287597656 255.79794311523438 177.0262451171875
008598 0.17796440422534943 102.33511352539062 142.92852783203125 246.02737426757812 285.1979064941406
008598 0.11854682117700577 250.5037841796875 134.36097717285156 406.7551574707031 288.0216064453125
008603 0.16403841972351074 38.423099517822266 68.44947052001953 293.6211853027344 433.7997131347656
008685 0.1999327540397644 39.1304931640625 71.62916564941406 436.38134765625 330.02606201171875
008758 0.117386095225811 12.756333351135254 76.34053039550781 198.9346466064453 280.4786682128906
008786 0.12436254322528839 54.91838836669922 151.53713989257812 153.99559020996094 263.1260681152344
008853 0.2639370858669281 118.9231948852539 209.52993774414062 343.4982604980469 347.1955871582031
008853 0.12237825244665146 231.46109008789062 159.8597412109375 347.2058410644531 307.64044189453125
008863 0.31285974383354187 354.8571472167969 207.3782501220703 431.30596923828125 253.55271911621094
008863 0.18184363842010498 286.4737243652344 226.59776306152344 333.0010070800781 263.99981689453125
008863 0.1425313502550125 357.468017578125 228.72242736816406 401.11053466796875 292.0947570800781
009169 0.2327214926481247 114.00648498535156 121.48169708251953 237.3018341064453 238.8262481689453
009169 0.18139547109603882 52.18520736694336 105.9772720336914 165.89263916015625 234.9864501953125
009169 0.11897755414247513 343.5946044921875 103.49652862548828 458.1512451171875 254.7250518798828
009170 0.2050636112689972 96.31690216064453 115.85501861572266 185.9518585205078 241.726318359375
009170 0.17250971496105194 200.08314514160156 114.80107116699219 295.041748046875 238.8541259765625
009170 0.10996008664369583 189.38441467285156 162.9486083984375 311.23602294921875 308.32135009765625
009170 0.10042638331651688 238.3112335205078 150.38580322265625 345.52142333984375 331.0169677734375
009223 0.10639602690935135 100.64051818847656 166.14218139648438 256.15423583984375 312.4451599121094
009264 0.1480962485074997 194.3438720703125 130.51483154296875 444.60162353515625 358.68182373046875
009400 0.20760950446128845 324.2091979980469 141.54351806640625 455.42755126953125 274.54229736328125
009450 0.14533807337284088 22.083364486694336 134.4630889892578 136.0205841064453 343.9549865722656
009450 0.1425245851278305 222.03587341308594 148.5313262939453 355.0071716308594 341.2991027832031
009760 0.2544349730014801 175.00550842285156 113.51829528808594 438.8672790527344 357.6759033203125
009768 0.5103356242179871 314.1819763183594 146.1849822998047 447.28143310546875 245.1905517578125
009768 0.47621119022369385 67.43942260742188 158.52777099609375 148.50845336914062 247.7166748046875
009768 0.39127448201179504 145.83926391601562 162.3357696533203 212.3731231689453 234.66049194335938
009768 0.37282538414001465 300.14532470703125 132.18560791015625 357.7679138183594 209.7715606689453
009768 0.31587058305740356 292.630859375 151.2925262451172 395.1771240234375 249.13787841796875
009768 0.12710507214069366 252.6213836669922 160.36341857910156 344.7257080078125 247.38673400878906
009909 0.22897285223007202 142.2624969482422 81.20301055908203 380.9692077636719 311.00927734375
009909 0.19494836032390594 87.59578704833984 98.615966796875 284.019775390625 310.0656433105469
009909 0.10019251704216003 41.5203971862793 94.9374771118164 179.22561645507812 286.0548400878906
