000144 0.3685143291950226 85.25824737548828 195.41757202148438 425.557861328125 337.4212341308594
000151 0.10684384405612946 66.38899993896484 293.4696044921875 315.62030029296875 491.076904296875
000178 0.2856506407260895 156.30126953125 122.51447296142578 331.4093933105469 326.3394775390625
000217 0.3748498260974884 122.43243408203125 190.34510803222656 383.82513427734375 331.53509521484375
000234 0.1513642966747284 133.09005737304688 161.490478515625 376.9178161621094 339.5597839355469
000369 0.12737852334976196 101.05546569824219 248.5044708251953 401.6556091308594 362.61572265625
000377 0.29721513390541077 113.2046890258789 228.281494140625 380.5140075683594 368.1601867675781
000377 0.22720038890838623 93.63790893554688 202.6220703125 252.76124572753906 373.88690185546875
000377 0.15252934396266937 202.79197692871094 197.04515075683594 428.94281005859375 367.21624755859375
000547 0.13002628087997437 156.60897827148438 268.9775695800781 324.1554260253906 497.3125
000587 0.1512177437543869 125.99984741210938 216.2286376953125 369.5713806152344 376.22784423828125
000595 0.10662341862916946 97.28531646728516 157.89178466796875 394.6851501464844 329.77685546875
000606 0.13285674154758453 178.64923095703125 188.70819091796875 442.63018798828125 376.31231689453125
000617 0.14570048451423645 48.613548278808594 112.42938995361328 461.98956298828125 354.3851318359375
000744 0.27753394842147827 113.99068450927734 222.37112426757812 389.089111328125 370.80615234375
000744 0.13451334834098816 215.3440399169922 198.86068725585938 424.5918884277344 368.5071716308594
000744 0.11779333651065826 94.48763275146484 300.3356018066406 416.6743469238281 383.0329284667969
000744 0.11098278313875198 60.86163330078125 218.90476989746094 280.5245666503906 374.42193603515625
000745 0.14847363531589508 45.1856689453125 80.41535949707031 449.24530029296875 282.09820556640625
000762 0.2441525161266327 97.175048828125 211.5806427001953 416.7012634277344 368.1612243652344
000839 0.1867777556180954 92.61540985107422 215.6717529296875 419.1726989746094 358.8229064941406
000890 0.11644694209098816 140.7251739501953 191.1688690185547 366.2079772949219 316.28753662109375
000938 0.1577472686767578 136.76878356933594 210.33448791503906 362.114990234375 374.603271484375
000994 0.10183052718639374 120.25775909423828 211.5765380859375 385.9394836425781 354.8780822753906
001086 0.11148054897785187 255.7784881591797 217.5676727294922 383.39837646484375 357.9512939453125
001302 0.10416068881750107 106.52510833740234 138.77279663085938 404.4527587890625 343.4048767089844
001307 0.10751961171627045 111.8781967163086 183.0558624267578 403.9144287109375 336.07843017578125
001351 0.17905554175376892 206.64361572265625 201.02748107910156 426.8728332519531 369.53448486328125
001351 0.1703265756368637 117.44940948486328 225.4744110107422 368.69482421875 380.1832275390625
001354 0.16646796464920044 83.40425109863281 220.96450805664062 409.0593566894531 353.9010925292969
001368 0.1335190087556839 62.66816329956055 293.4676818847656 313.98114013671875 498.8482360839844
001429 0.18724161386489868 109.61286926269531 211.31805419921875 385.26220703125 373.4852294921875
001431 0.17362158000469208 82.5044937133789 221.45831298828125 419.3674621582031 365.3863220214844
001489 0.47513607144355774 87.6260986328125 121.70794677734375 423.8808288574219 317.3175048828125
001564 0.3850046694278717 90.11260223388672 221.77993774414062 406.5896911621094 373.51556396484375
001609 0.20811522006988525 23.094356536865234 165.97694396972656 342.08795166015625 445.4848327636719
001609 0.10282378643751144 68.51663970947266 99.43153381347656 304.3633728027344 377.134033203125
001720 0.1582041233778 113.93376922607422 239.1854248046875 391.0855407714844 375.67718505859375
001757 0.16691486537456512 67.17018127441406 288.6261901855469 308.70538330078125 517.056396484375
001760 0.18156960606575012 73.37549591064453 299.8274841308594 300.70269775390625 494.8711853027344
001805 0.22738559544086456 58.488746643066406 188.4706573486328 436.89752197265625 332.5174560546875
001805 0.12771892547607422 115.67630767822266 143.07485961914062 374.080322265625 283.84796142578125
001868 0.24212542176246643 114.26089477539062 219.6442413330078 389.93408203125 343.8807678222656
001975 0.4606434106826782 95.82196044921875 222.51425170898438 394.1792907714844 374.45782470703125
001975 0.14534896612167358 182.1256103515625 183.77706909179688 455.52490234375 384.7644348144531
002188 0.21583262085914612 38.705692291259766 104.30862426757812 462.30352783203125 343.6651306152344
002235 0.1428837925195694 126.14080047607422 199.95883178710938 387.8765563964844 341.50018310546875
002235 0.10288634151220322 214.935791015625 163.7864532470703 416.30291748046875 335.66278076171875
002301 0.19694103300571442 179.2105255126953 178.88894653320312 450.9615478515625 382.3713073730469
002301 0.12814070284366608 99.97040557861328 226.4685516357422 392.6874084472656 370.01458740234375
002455 0.10953333973884583 100.56766510009766 236.08428955078125 389.13128662109375 366.5400390625
002498 0.2226601094007492 75.97913360595703 220.1168212890625 417.54986572265625 374.67633056640625
002499 0.2575666308403015 83.6741943359375 106.97218322753906 420.10565185546875 301.1059875488281
002516 0.20475269854068756 100.39302062988281 205.43417358398438 397.56854248046875 359.4615478515625
002538 0.109783835709095 128.21826171875 200.7618865966797 378.3187255859375 352.7262268066406
002557 0.1223149225115776 105.57049560546875 137.6666259765625 381.3294677734375 321.1868591308594
002639 0.20903149247169495 145.4044952392578 227.42320251464844 353.7802429199219 350.0377502441406
002705 0.11746710538864136 198.26438903808594 182.8331756591797 434.9084777832031 378.615234375
002711 0.1063528060913086 157.97216796875 237.8285675048828 350.50018310546875 354.6647644042969
002724 0.35316818952560425 74.58551788330078 199.78578186035156 437.09600830078125 368.12554931640625
002781 0.14049531519412994 147.78956604003906 206.63002014160156 338.38629150390625 367.94561767578125
002788 0.12113912403583527 110.77877044677734 181.4041748046875 395.49298095703125 327.8768310546875
002799 0.14228783547878265 127.62139892578125 144.3568572998047 380.5801086425781 341.02154541015625
002799 0.12243790924549103 85.08641052246094 218.54672241210938 407.4593505859375 356.1448669433594
002856 0.24583040177822113 37.2107048034668 80.61629486083984 471.6223449707031 322.94476318359375
002885 0.1354878842830658 114.74879455566406 215.3661346435547 399.83233642578125 358.269775390625
002885 0.13543643057346344 29.13294792175293 218.80006408691406 310.44036865234375 370.45025634765625
002888 0.1310611069202423 141.3635711669922 217.90501403808594 372.09161376953125 363.0939025878906
002945 0.18751737475395203 116.69937896728516 217.13458251953125 397.853515625 384.1642761230469
002945 0.10568223893642426 98.08810424804688 224.40139770507812 267.6029968261719 371.79736328125
002974 0.17537780106067657 85.560546875 289.8240661621094 280.1622619628906 492.97796630859375
003012 0.11067725718021393 148.64356994628906 225.72036743164062 354.199951171875 377.6761474609375
003115 0.24034741520881653 115.92105865478516 200.6592559814453 378.7165832519531 361.2744445800781
003123 0.29479387402534485 105.23835754394531 222.64183044433594 398.886474609375 365.6510009765625
003123 0.12274546921253204 232.2982177734375 219.71206665039062 422.33673095703125 375.0931701660156
003141 0.3468612730503082 117.12305450439453 202.6958770751953 397.4239807128906 379.8442687988281
003141 0.12341979146003723 186.23654174804688 175.3640594482422 305.4825439453125 309.2613525390625
003153 0.13991940021514893 122.9969711303711 229.00389099121094 381.3392639160156 374.5445861816406
003459 0.5320432186126709 105.86186981201172 223.37857055664062 396.33319091796875 366.25018310546875
003561 0.17541803419589996 52.773048400878906 166.65338134765625 282.3126525878906 482.8363952636719
003649 0.5612450838088989 148.0408477783203 207.06459045410156 357.31585693359375 327.7417297363281
003649 0.11646021902561188 113.33658599853516 265.97711181640625 392.7091979980469 338.0060729980469
003668 0.13896730542182922 120.0688247680664 183.3616485595703 384.74169921875 328.8929443359375
003668 0.13389340043067932 117.79425811767578 146.53665161132812 392.9892272949219 277.0993347167969
003725 0.21977652609348297 103.31148529052734 211.3980712890625 399.6026611328125 355.6029052734375
003755 0.16155754029750824 134.46743774414062 157.42063903808594 360.3143005371094 320.7375793457031
003755 0.11379510164260864 100.73924255371094 216.85189819335938 404.9830627441406 365.60882568359375
003770 0.1675598919391632 61.22591018676758 70.58917236328125 423.5423278808594 300.7042236328125
003800 0.18263640999794006 54.046485900878906 164.26023864746094 323.32879638671875 471.4976501464844
003853 0.18012535572052002 142.04029846191406 148.86422729492188 362.747314453125 230.38479614257812
003882 0.15684841573238373 39.82524490356445 118.25894927978516 463.70721435546875 296.3962097167969
003894 0.2516584098339081 101.9151840209961 208.67796325683594 385.71392822265625 369.9059143066406
003902 0.20109906792640686 88.43976593017578 312.8310852050781 293.2962951660156 471.4569396972656
004038 0.11234930902719498 127.88771057128906 159.63558959960938 372.86944580078125 330.65997314453125
004118 0.1433909833431244 126.2314682006836 209.89271545410156 365.59149169921875 332.6545104980469
004128 0.10879932343959808 94.6520004272461 215.63075256347656 411.27557373046875 381.1138000488281
004197 0.20178602635860443 104.77765655517578 205.939208984375 398.4068603515625 331.5638122558594
004197 0.14542929828166962 95.33255004882812 210.86705017089844 259.971923828125 320.5374450683594
004276 0.10470205545425415 68.63603210449219 277.4143371582031 303.74249267578125 492.3249206542969
004449 0.11398378759622574 112.3238525390625 215.2586669921875 374.4297180175781 386.51409912109375
004451 0.1201169416308403 111.13824462890625 150.77120971679688 379.5845031738281 320.0260009765625
004469 0.3294233977794647 98.5542984008789 208.39041137695312 401.1577453613281 374.9107666015625
004590 0.3578057289123535 79.11385345458984 125.82684326171875 328.1800231933594 217.97560119628906
004640 0.11415313929319382 119.12422180175781 215.00912475585938 393.989501953125 373.1634826660156
004725 0.16095006465911865 81.3286361694336 106.12335968017578 405.94354248046875 354.4622497558594
004740 0.28023213148117065 96.55040740966797 230.77017211914062 387.1048889160156 383.305908203125
004740 0.15107214450836182 200.37254333496094 201.47760009765625 433.2762145996094 365.8423156738281
004819 0.45215678215026855 76.46542358398438 294.01226806640625 300.531494140625 487.2356872558594
004819 0.15554098784923553 161.10389709472656 318.1635437011719 321.912841796875 483.344482421875
004855 0.25622689723968506 101.49451446533203 227.2883758544922 393.93060302734375 355.576171875
004855 0.12713666260242462 71.83543395996094 268.1376953125 431.1401062011719 388.6610412597656
004880 0.10426829010248184 142.83224487304688 209.90623474121094 361.54486083984375 310.1790771484375
004881 0.2126992791891098 49.197139739990234 198.1231689453125 440.72296142578125 365.3935241699219
004892 0.5425110459327698 120.291259765625 242.1805877685547 363.4239807128906 371.75787353515625
005049 0.18682554364204407 74.38883209228516 211.8179931640625 415.5340576171875 390.81298828125
005088 0.17259955406188965 171.45603942871094 225.66722106933594 337.4849853515625 354.12750244140625
005088 0.1510259062051773 81.2926025390625 221.0952911376953 249.8149871826172 364.3849182128906
005100 0.10540872812271118 96.14742279052734 216.0200958251953 401.9920959472656 381.5994873046875
005140 0.1830941140651703 107.14312744140625 127.70880126953125 390.4617919921875 308.1228942871094
005174 0.1578502058982849 149.3806915283203 111.33280181884766 361.7414855957031 245.98130798339844
005174 0.13826100528240204 87.01081848144531 209.74754333496094 409.05865478515625 358.39862060546875
005226 0.23258142173290253 62.66828155517578 229.86968994140625 428.4347229003906 350.45465087890625
005226 0.10528410226106644 197.4915771484375 196.21859741210938 449.3454284667969 372.2944030761719
005233 0.5242217779159546 84.2008285522461 219.90643310546875 417.5606384277344 367.73370361328125
005237 0.18548926711082458 134.92056274414062 190.4542999267578 391.8951416015625 299.342041015625
005316 0.15680676698684692 109.86335754394531 200.3247833251953 386.1991882324219 372.12078857421875
005377 0.1924608051776886 83.79833221435547 231.08853149414062 403.7372131347656 363.1080627441406
005464 0.12008851021528244 28.663951873779297 171.64105224609375 288.5622253417969 441.97076416015625
005612 0.11624129116535187 41.52398681640625 213.8450164794922 225.7156219482422 347.051025390625
005622 0.33404427766799927 117.29743194580078 218.5868682861328 381.74664306640625 367.89459228515625
005622 0.15798136591911316 90.1607894897461 221.0108642578125 266.0579833984375 358.2776794433594
005622 0.13820871710777283 248.74609375 219.80564880371094 417.64141845703125 367.6262512207031
005628 0.11095628142356873 65.49183654785156 116.69525146484375 421.65155029296875 347.127197265625
005717 0.17396581172943115 124.2856216430664 209.89076232910156 386.25042724609375 379.05706787109375
005721 0.13778920471668243 120.36868286132812 210.63916015625 385.637939453125 373.81829833984375
005726 0.2821757197380066 12.783843994140625 114.69662475585938 361.4645080566406 485.4552917480469
005758 0.2761489450931549 45.67863464355469 103.58558654785156 462.3516845703125 352.7721252441406
005804 0.11806118488311768 106.15927124023438 195.3037109375 393.3181457519531 346.0470275878906
005871 0.11259989440441132 65.14710235595703 83.58995819091797 312.7814636230469 423.1271057128906
005976 0.13311919569969177 126.15086364746094 195.50119018554688 370.3454284667969 315.4592590332031
006022 0.11430264264345169 64.87260437011719 194.81161499023438 329.5357666015625 468.1246032714844
006056 0.22587235271930695 97.70472717285156 122.28508758544922 397.6121826171875 301.31634521484375
006086 0.15612080693244934 87.9280014038086 276.3600769042969 405.40948486328125 456.43572998046875
006086 0.10336121916770935 136.61553955078125 188.82421875 374.87127685546875 418.4681091308594
006142 0.15631014108657837 73.56397247314453 220.46910095214844 419.21917724609375 364.6922302246094
006226 0.23330427706241608 87.21640014648438 279.18792724609375 288.73193359375 485.4269104003906
006226 0.11264488101005554 45.270729064941406 287.8874206542969 200.2913055419922 504.8113098144531
006313 0.15977922081947327 141.0706024169922 236.0697021484375 371.0584716796875 364.85052490234375
006313 0.10568632185459137 231.4794464111328 216.4433135986328 422.72845458984375 372.2778015136719
006313 0.10025863349437714 119.85163879394531 303.09967041015625 388.67059326171875 379.565185546875
006360 0.29406633973121643 137.44300842285156 239.1796875 373.3095703125 344.3218688964844
006360 0.18076102435588837 234.72959899902344 228.37791442871094 410.79052734375 359.9012145996094
006380 0.26788562536239624 94.6123046875 222.68666076660156 405.1022033691406 366.5479736328125
006380 0.15194375813007355 185.00308227539062 182.67416381835938 445.1454772949219 383.669677734375
006426 0.10261020064353943 65.54621887207031 316.6790771484375 316.7962951660156 497.8853759765625
006546 0.38702091574668884 92.31535339355469 226.63719177246094 415.20355224609375 378.9703063964844
006546 0.154126837849617 245.71371459960938 230.9516143798828 401.9768981933594 369.0947265625
006624 0.12765276432037354 150.4936981201172 222.0316619873047 357.77508544921875 367.6075439453125
006624 0.12365992367267609 73.70555877685547 219.0424041748047 280.1504211425781 378.35015869140625
006624 0.10713747143745422 211.92169189453125 198.83407592773438 426.6546936035156 374.65679931640625
006663 0.18326987326145172 108.74688720703125 181.46812438964844 397.6513366699219 311.4301452636719
006721 0.2492055743932724 139.20997619628906 96.68565368652344 379.7250061035156 281.2112731933594
006721 0.1960112303495407 111.76872253417969 204.50970458984375 377.07830810546875 367.2830505371094
006745 0.13891464471817017 107.72769165039062 178.17213439941406 387.4038391113281 328.48712158203125
006771 0.19584773480892181 80.93256378173828 213.56488037109375 424.94281005859375 320.2452087402344
006861 0.2890465259552002 108.92337799072266 199.529052734375 395.46722412109375 330.320068359375
006941 0.5310916900634766 134.5156707763672 229.14602661132812 370.3306579589844 364.06195068359375
006941 0.11975551396608353 237.55136108398438 227.02606201171875 434.91912841796875 375.8481140136719
007110 0.23854176700115204 132.85421752929688 222.27801513671875 367.1275939941406 368.79815673828125
007207 0.29048800468444824 116.44058227539062 226.76516723632812 395.6055908203125 371.6725769042969
007228 0.18907713890075684 84.87102508544922 214.86495971679688 411.46917724609375 372.9759521484375
007237 0.10175067186355591 93.00128936767578 231.4207000732422 411.52496337890625 371.993896484375
007240 0.2462979555130005 43.242069244384766 116.30186462402344 469.1145324707031 350.9355163574219
007240 0.10653332620859146 99.50991821289062 74.9689712524414 415.0350341796875 286.35107421875
007306 0.22739531099796295 90.38290405273438 227.08995056152344 404.23516845703125 379.8641662597656
007332 0.2751714885234833 110.49727630615234 213.24026489257812 387.7724304199219 373.5914306640625
007391 0.1272631287574768 112.58174896240234 194.3560791015625 390.1168518066406 334.4553527832031
007442 0.17059426009655 81.33277130126953 121.00635528564453 407.92242431640625 346.1012878417969
007442 0.10044967383146286 127.72850036621094 58.784950256347656 372.5494079589844 301.98980712890625
007471 0.24774415791034698 101.09375762939453 299.7049560546875 282.4063415527344 488.3330993652344
007471 0.14891144633293152 63.09194564819336 306.29705810546875 184.20895385742188 483.13763427734375
007531 0.13211113214492798 92.93314361572266 203.51649475097656 416.3223571777344 374.5352783203125
007577 0.11548522859811783 69.31195068359375 173.2998046875 439.89459228515625 281.4588317871094
007648 0.3832866847515106 170.37521362304688 233.31607055664062 335.2764587402344 359.3397521972656
007785 0.10788338631391525 156.66810607910156 223.12677001953125 355.0290832519531 358.5445251464844
007832 0.13481634855270386 90.2474136352539 212.78109741210938 408.6397399902344 358.82965087890625
007896 0.3129054009914398 83.91857147216797 197.89051818847656 408.5346984863281 339.3868103027344
007896 0.10172823816537857 225.77317810058594 202.32595825195312 440.0118103027344 330.53924560546875
007913 0.14277853071689606 121.9070816040039 238.19602966308594 387.6892395019531 370.4351501464844
008073 0.2795620858669281 125.9252700805664 219.62742614746094 372.9263916015625 370.2247619628906
008153 0.33391228318214417 69.5106430053711 303.919677734375 300.80194091796875 482.2346496582031
008198 0.2547239661216736 71.18038940429688 100.50006866455078 423.7967224121094 302.02197265625
008239 0.10298280417919159 115.03288269042969 245.44615173339844 401.2266540527344 356.3489990234375
008245 0.38849949836730957 150.60865783691406 232.96456909179688 356.9052429199219 357.8124694824219
008245 0.15011243522167206 82.52579498291016 211.97337341308594 285.2558898925781 370.0403137207031
008288 0.13666510581970215 109.72721099853516 204.9357452392578 389.57843017578125 375.676025390625
008382 0.6563147902488708 109.14521026611328 170.08795166015625 398.8023681640625 403.7638854980469
008505 0.12222738564014435 52.20106506347656 229.65740966796875 435.1213073730469 388.4173583984375
008520 0.15277796983718872 121.89080047607422 222.75791931152344 377.1348876953125 381.7237243652344
008528 0.3228280544281006 92.14775085449219 217.04331970214844 414.8249206542969 371.4064025878906
008591 0.4428579807281494 44.2758674621582 164.90809631347656 294.6333923339844 485.5700988769531
008591 0.13472874462604523 81.59661102294922 256.6576843261719 255.139892578125 493.83074951171875
008626 0.1208280399441719 137.82107543945312 206.5859375 367.6514587402344 321.1067810058594
008678 0.10039599984884262 76.5064697265625 309.0487976074219 299.4349670410156 494.8944396972656
008686 0.1161414161324501 107.79692840576172 216.53285217285156 379.28997802734375 369.60198974609375
008751 0.13797642290592194 94.26969909667969 224.1082000732422 250.68394470214844 365.43695068359375
008751 0.11194293200969696 148.16990661621094 236.0542449951172 351.6308288574219 370.47454833984375
008821 0.1242033839225769 102.95923614501953 229.28187561035156 396.5743713378906 347.4221496582031
008941 0.1805967539548874 82.79138946533203 236.94277954101562 424.0914306640625 375.81243896484375
008945 0.12931492924690247 99.87635040283203 187.60630798339844 400.300048828125 320.5842590332031
009075 0.20844991505146027 77.26174926757812 226.01174926757812 422.7268371582031 377.37591552734375
009154 0.13583846390247345 101.17009735107422 180.03762817382812 382.3345947265625 315.17498779296875
009164 0.15770596265792847 184.74710083007812 314.3454284667969 311.0326232910156 478.4454040527344
009164 0.11591238528490067 101.76580810546875 327.6081848144531 285.7498474121094 478.7418212890625
009171 0.20371133089065552 108.05059051513672 224.12020874023438 394.4362487792969 371.409912109375
009284 0.1034068837761879 113.47064208984375 230.92466735839844 382.48138427734375 374.1109924316406
009297 0.31185030937194824 179.57127380371094 187.5991973876953 458.771240234375 379.49835205078125
009452 0.2747863829135895 249.04612731933594 202.87432861328125 407.76239013671875 325.8441467285156
009452 0.22024935483932495 136.16798400878906 194.1848602294922 371.29522705078125 327.76409912109375
009482 0.3758368194103241 114.60809326171875 221.38571166992188 384.8467712402344 369.8901672363281
009482 0.16583016514778137 245.77511596679688 222.16839599609375 416.43511962890625 376.6720886230469
009514 0.1361001580953598 194.2816925048828 150.42874145507812 311.5107116699219 319.5817565917969
009606 0.3074137568473816 111.8389892578125 310.1404113769531 269.7733154296875 478.3479309082031
009660 0.10233935713768005 87.09616088867188 296.6451416015625 282.6458740234375 508.51007080078125
009715 0.14875681698322296 113.51313018798828 233.6837615966797 393.01812744140625 367.42462158203125
009782 0.4781182110309601 118.28868103027344 229.11328125 386.37835693359375 376.6294250488281
009782 0.2750566601753235 240.91551208496094 214.7681121826172 419.03985595703125 373.9459533691406
009782 0.13617132604122162 103.35578918457031 303.93304443359375 408.6217346191406 379.69305419921875
009798 0.24899822473526 120.17332458496094 226.10670471191406 375.9737243652344 377.0897521972656
009798 0.16716162860393524 53.0557746887207 203.36203002929688 296.7816162109375 379.2975158691406
009815 0.25642266869544983 83.87805938720703 202.0782470703125 377.8498229980469 345.7943420410156
009854 0.19974903762340546 139.0347137451172 187.6465301513672 356.0569152832031 302.00189208984375
009915 0.12275322526693344 104.75251007080078 238.6181182861328 390.6130676269531 400.6599426269531
