000029 0.12149705737829208 160.38888549804688 45.68251037597656 330.9280090332031 197.92779541015625
000029 0.1110423281788826 106.36796569824219 59.365211486816406 388.86260986328125 282.2752990722656
000037 0.15111765265464783 84.70790100097656 41.863773345947266 426.0094909667969 330.13397216796875
000079 0.3534378409385681 67.45277404785156 32.08211135864258 441.73529052734375 337.8396301269531
000167 0.6666865944862366 11.386796951293945 7.241645336151123 503.662841796875 377.4913024902344
000175 0.17205050587654114 58.86562728881836 31.70305633544922 448.20294189453125 324.7007141113281
000183 0.3663003742694855 19.319908142089844 4.792749881744385 494.4915771484375 345.7368469238281
000324 0.11993144452571869 93.6614761352539 95.28302001953125 387.93646240234375 287.144775390625
000362 0.1827683001756668 173.79006958007812 55.82469177246094 308.4072570800781 281.9228820800781
000412 0.16872075200080872 80.26882934570312 86.12928009033203 400.3805847167969 317.4717712402344
000422 0.3410775065422058 70.43217468261719 44.38032531738281 426.56884765625 416.13555908203125
000478 0.28615060448646545 185.0110321044922 76.69738006591797 417.12176513671875 246.44776916503906
000506 0.10445394366979599 60.29595947265625 289.7479553222656 301.1948547363281 467.42535400390625
000517 0.2096794843673706 43.594581604003906 245.09718322753906 172.66534423828125 365.8316955566406
000611 0.10713554918766022 100.56947326660156 26.74594497680664 409.1649169921875 306.7928161621094
000716 0.6028800010681152 111.29548645019531 68.3395004272461 317.0777282714844 453.96929931640625
000718 0.3455503582954407 103.1336441040039 25.830432891845703 398.70599365234375 356.3099060058594
000722 0.14883515238761902 49.92936325073242 17.297801971435547 466.77178955078125 344.6651916503906
000751 0.3592481315135956 73.3926010131836 36.80242919921875 427.713623046875 302.8797607421875
000759 0.2624814212322235 58.81868362426758 82.75032043457031 420.451904296875 360.04998779296875
000897 0.31355077028274536 94.13166809082031 128.86260986328125 403.4682922363281 347.5178527832031
000925 0.1628732681274414 237.13002014160156 122.3491439819336 425.5296325683594 346.3575439453125
000925 0.14439694583415985 307.6914367675781 128.585205078125 466.0736083984375 320.53729248046875
000975 0.17734774947166443 74.15880584716797 74.56221771240234 398.36981201171875 482.2289733886719
001000 0.14714057743549347 31.156421661376953 45.74741744995117 437.5831298828125 283.2016296386719
001026 0.40318500995635986 63.32149124145508 211.4993133544922 198.8054962158203 426.1997985839844
001026 0.2630513608455658 51.496604919433594 151.89913940429688 271.2452087402344 454.1980285644531
001037 0.14986737072467804 141.31689453125 98.90534210205078 380.7842712402344 220.31727600097656
001054 0.3428368866443634 23.601163864135742 26.126415252685547 318.7885437011719 463.6705017089844
001123 0.18135744333267212 82.62438201904297 50.90916061401367 422.07958984375 288.2841491699219
001128 0.21705873310565948 106.98555755615234 71.19599151611328 383.4055480957031 296.8833923339844
001131 0.3476698696613312 55.40153503417969 24.76872444152832 453.751953125 308.3577880859375
001150 0.2333884984254837 44.39933776855469 84.60629272460938 427.1370849609375 359.01690673828125
001195 0.11645875871181488 138.1281280517578 76.96942901611328 361.1494445800781 290.3464050292969
001202 0.1030423641204834 211.57571411132812 99.4609375 425.9779968261719 287.15997314453125
001232 0.5562564134597778 89.32374572753906 25.661075592041016 392.6824951171875 307.3506774902344
001322 0.3967810273170471 37.30018615722656 32.23870849609375 488.3636779785156 354.15728759765625
001328 0.21643202006816864 84.9297103881836 78.51453399658203 424.3248596191406 316.2272033691406
001339 0.17819109559059143 56.20570755004883 26.635950088500977 461.558349609375 342.0492858886719
001344 0.2370671033859253 64.32150268554688 97.0299301147461 345.1312255859375 365.122314453125
001353 0.3246212899684906 109.83344268798828 109.50041961669922 399.6783142089844 304.43255615234375
001549 0.20349834859371185 59.28579330444336 64.75556182861328 217.4302215576172 272.3302307128906
001562 0.14443260431289673 164.12156677246094 39.28057098388672 439.0488586425781 348.1275939941406
001562 0.11306826025247574 109.55072021484375 57.226985931396484 292.6051025390625 346.7067565917969
001601 0.25724637508392334 38.09282302856445 26.654027938842773 457.4459228515625 351.1470947265625
001639 0.2146477997303009 33.39013671875 110.5155258178711 307.3401184082031 313.37298583984375
001639 0.15531650185585022 120.55065155029297 54.74443817138672 391.63671875 293.9577941894531
001767 0.1171947792172432 114.43921661376953 57.0858268737793 404.9481506347656 243.28250122070312
001851 0.2827014625072479 34.857913970947266 57.31093978881836 330.41253662109375 458.6382141113281
001984 0.1851663738489151 54.529354095458984 57.23535919189453 421.73284912109375 336.3717956542969
001992 0.10008195042610168 227.60122680664062 240.01693725585938 422.4156799316406 357.7010803222656
002131 0.10670040547847748 144.7321319580078 71.03900909423828 359.08544921875 236.75198364257812
002138 0.1194838136434555 25.218666076660156 16.94893455505371 455.3340759277344 339.1037292480469
002160 0.2524850070476532 37.7296142578125 94.62022399902344 287.147216796875 296.3074951171875
002160 0.12342208623886108 196.64891052246094 115.74972534179688 442.9461364746094 367.9241943359375
002160 0.12098077684640884 258.92230224609375 118.17828369140625 409.57177734375 254.16622924804688
002243 0.6108745336532593 29.69707679748535 19.03725814819336 480.4188232421875 361.3424987792969
002286 0.19621577858924866 -15.9767427444458 53.98772048950195 230.56800842285156 269.68682861328125
002286 0.16119562089443207 69.14743041992188 49.38206100463867 434.9383850097656 273.89556884765625
002286 0.1432504951953888 161.67416381835938 104.32730865478516 455.5651550292969 307.6148376464844
002396 0.17109455168247223 73.66560363769531 56.0699577331543 438.81573486328125 334.37646484375
002485 0.1004057303071022 191.65664672851562 117.50225830078125 439.5920715332031 358.03192138671875
002535 0.8891288042068481 46.383949279785156 35.56138610839844 449.0994873046875 323.7050476074219
002574 0.22310905158519745 88.81678009033203 36.93860626220703 401.4964294433594 313.2673034667969
002587 0.21829698979854584 139.54505920410156 97.89340209960938 357.67315673828125 347.4656982421875
002652 0.16041558980941772 111.71879577636719 112.80704498291016 420.9755554199219 347.49566650390625
002802 0.27590271830558777 38.99111557006836 71.5832290649414 342.4930419921875 453.1527404785156
002831 0.33851832151412964 66.8226547241211 66.47289276123047 297.6103210449219 422.9752502441406
002852 0.35726577043533325 30.960113525390625 23.80514144897461 475.07464599609375 357.5196228027344
002853 0.5536231994628906 56.757869720458984 12.255610466003418 466.3946838378906 315.66790771484375
002876 0.3038502633571625 31.41427230834961 21.498252868652344 446.5674743652344 370.5212707519531
002973 0.42501023411750793 69.23281860351562 75.20524597167969 282.3550720214844 428.80419921875
003087 0.10386914014816284 150.56561279296875 68.91300201416016 356.8181457519531 212.29368591308594
003125 0.19088108837604523 52.169700622558594 26.112680435180664 469.0201416015625 361.1573486328125
003171 0.3314844071865082 16.54949188232422 26.524187088012695 395.7525329589844 508.6230163574219
003180 0.23376375436782837 28.934419631958008 9.16769027709961 488.6593933105469 360.5271301269531
003264 0.11370100826025009 64.37102508544922 44.79433822631836 454.42205810546875 284.60455322265625
003266 0.12119527161121368 51.03733444213867 50.58042526245117 360.5680847167969 480.0264892578125
003310 0.2847663462162018 39.35395812988281 58.27745819091797 305.51470947265625 445.49884033203125
003326 0.12162468582391739 22.630855560302734 25.929689407348633 471.0919189453125 501.3552551269531
003332 0.1419084072113037 39.95573806762695 45.098365783691406 448.6231689453125 427.70941162109375
003394 0.10059414803981781 78.61421966552734 30.823299407958984 426.4872741699219 344.3085021972656
003411 0.1905989795923233 9.31246566772461 21.373149871826172 461.9651794433594 368.1438293457031
003440 0.10724883526563644 51.72468566894531 63.47801208496094 297.5534973144531 439.11566162109375
003447 0.16768178343772888 66.78390502929688 82.67375946044922 444.7065124511719 296.2395324707031
003471 0.20694711804389954 171.81874084472656 62.78708267211914 301.66412353515625 177.04397583007812
003471 0.14592240750789642 219.01780700683594 119.2784194946289 424.5211486816406 308.1668701171875
003653 0.11831417679786682 137.7331085205078 87.38884735107422 385.5868225097656 302.7265319824219
003672 0.1296454817056656 21.25200653076172 131.13258361816406 360.7601623535156 340.0247802734375
003728 0.32656028866767883 66.20428466796875 54.39603805541992 426.62420654296875 337.2000427246094
003819 0.10566261410713196 139.60415649414062 61.39717102050781 392.3632507324219 329.8249816894531
003964 0.47851553559303284 26.630905151367188 28.738916397094727 320.6925964355469 476.5185241699219
003977 0.37324413657188416 39.655601501464844 8.874089241027832 482.7044372558594 487.431396484375
003980 0.11516430228948593 55.645347595214844 116.5660629272461 351.24420166015625 348.9154357910156
004021 0.21034134924411774 44.8289680480957 16.450389862060547 491.8965148925781 358.51776123046875
004062 0.10897795855998993 6.238595008850098 87.31737518310547 314.5314636230469 330.8249816894531
004202 0.3859986960887909 71.92632293701172 133.75888061523438 320.3052978515625 343.20965576171875
004202 0.3307451903820038 215.36932373046875 115.37264251708984 420.53570556640625 363.265625
004234 0.13755135238170624 88.72274017333984 76.9763412475586 297.87969970703125 257.8951110839844
004267 0.11834663152694702 68.91609191894531 41.78769302368164 328.60595703125 246.13314819335938
004288 0.18044233322143555 83.79544830322266 108.22633361816406 415.68804931640625 364.8949890136719
004419 0.3560672998428345 122.06515502929688 114.12113952636719 362.470458984375 366.7353820800781
004419 0.20912419259548187 161.51515197753906 83.14493560791016 335.2117919921875 291.5155334472656
004419 0.14976540207862854 194.80068969726562 136.94650268554688 434.10321044921875 353.9742431640625
004501 0.10946653038263321 25.05467987060547 222.83358764648438 193.1399688720703 368.2662353515625
004608 0.18967141211032867 162.95091247558594 97.29911804199219 327.6288757324219 299.0937194824219
004621 0.17211511731147766 144.90109252929688 113.64852142333984 471.3544921875 356.8253479003906
004621 0.10649505257606506 93.29204559326172 75.50386810302734 402.52606201171875 309.5433654785156
004758 0.12917618453502655 37.49205017089844 55.19874572753906 148.4228515625 280.6812438964844
004758 0.1202942430973053 16.994792938232422 65.04043579101562 110.21068572998047 264.98602294921875
004767 0.1755729466676712 79.39903259277344 34.245582580566406 404.68170166015625 338.2135925292969
004787 0.11342312395572662 74.46986389160156 21.006837844848633 437.5987243652344 348.9039001464844
004993 0.182571679353714 71.02345275878906 95.54300689697266 404.7008972167969 302.1517639160156
005194 0.2214379608631134 31.200176239013672 14.956876754760742 435.3358154296875 496.28839111328125
005225 0.1221877932548523 36.628963470458984 112.33536529541016 357.22406005859375 358.1161804199219
005277 0.22836007177829742 202.04672241210938 143.8321533203125 295.44671630859375 230.53549194335938
005361 0.10281095653772354 37.585872650146484 79.07756042480469 459.7635498046875 423.9888916015625
005400 0.514119565486908 36.4909782409668 30.583026885986328 482.0517272949219 372.2807312011719
005476 0.14954715967178345 71.05754089355469 163.40597534179688 320.7590026855469 480.0937194824219
005512 0.4218670725822449 22.595108032226562 18.067691802978516 467.89337158203125 329.6795959472656
005557 0.29596570134162903 56.073814392089844 124.3772964477539 265.0119934082031 472.6523742675781
005602 0.22012723982334137 136.95742797851562 123.47224426269531 360.311279296875 281.7844543457031
005671 0.18046337366104126 33.061283111572266 15.497088432312012 492.58990478515625 371.9479064941406
005692 0.22980764508247375 47.60313034057617 33.3045539855957 459.7177734375 297.55841064453125
005712 0.21876487135887146 29.690088272094727 9.388288497924805 471.9380187988281 324.16424560546875
005785 0.44687336683273315 99.30072784423828 80.5990982055664 396.0530090332031 285.31781005859375
005797 0.11092899739742279 82.83247375488281 144.7186737060547 298.42156982421875 342.47149658203125
005810 0.7133965492248535 43.815181732177734 31.04604721069336 474.61517333984375 352.2033386230469
005913 0.16793885827064514 11.15511417388916 27.11786460876465 463.9808349609375 306.5277404785156
005955 0.3368002474308014 39.03524398803711 18.051862716674805 481.4117126464844 331.08990478515625
006007 0.16892187297344208 165.76089477539062 115.92259216308594 347.7840576171875 281.87152099609375
006039 0.13083809614181519 164.45278930664062 46.26105880737305 374.0806579589844 175.62904357910156
006044 0.23071376979351044 50.339656829833984 30.84185028076172 444.550048828125 363.38397216796875
006085 0.18966567516326904 142.81002807617188 70.03323364257812 357.9989929199219 181.1811065673828
006099 0.4149702787399292 14.236137390136719 11.11628246307373 478.4576110839844 345.8229675292969
006112 0.18545641005039215 73.19051361083984 30.22379493713379 417.20831298828125 363.3917236328125
006173 0.13379406929016113 75.39226531982422 248.69741821289062 164.84022521972656 298.1260681152344
006182 0.2752055823802948 113.96147918701172 102.91942596435547 399.5530700683594 297.2651062011719
006194 0.427145391702652 19.837261199951172 -0.6330572366714478 497.7406311035156 348.42022705078125
006217 0.20174700021743774 13.018600463867188 280.8978271484375 147.3192596435547 488.0794677734375
006245 0.13301359117031097 38.4755744934082 11.745550155639648 437.5947570800781 342.720947265625
006354 0.5608153343200684 39.97395706176758 23.662002563476562 460.58441162109375 347.037841796875
006399 0.2812124490737915 195.9683837890625 55.70512390136719 459.8429260253906 284.8262939453125
006403 0.24469652771949768 30.015291213989258 24.310739517211914 479.1065979003906 366.74066162109375
006457 0.22089436650276184 41.479034423828125 39.005126953125 459.5021667480469 406.1362609863281
006457 0.13480737805366516 -6.536036968231201 37.02104187011719 209.61680603027344 382.5947570800781
006479 0.8208004832267761 24.576351165771484 30.163530349731445 444.687255859375 347.3531799316406
006537 0.12742255628108978 56.846099853515625 31.72444725036621 443.4913330078125 314.31292724609375
006555 0.11274462193250656 54.59980773925781 32.400535583496094 464.4479064941406 344.947509765625
006655 0.20751257240772247 59.68062210083008 102.36214447021484 289.48876953125 398.45196533203125
006846 0.6315262913703918 68.22423553466797 81.56057739257812 309.19635009765625 438.6446228027344
006870 0.1564422845840454 59.74994659423828 24.962560653686523 472.44134521484375 350.1985778808594
006877 0.4668828248977661 19.872135162353516 23.741037368774414 306.0814208984375 472.45587158203125
006961 0.6266534924507141 31.312990188598633 17.97892189025879 333.5028381347656 503.9916076660156
006969 0.17799977958202362 114.08697509765625 37.54697036743164 382.6112060546875 349.0653991699219
006991 0.22113822400569916 78.60340881347656 95.64539337158203 434.2389831542969 319.126220703125
006991 0.2167224884033203 154.6417999267578 75.81661224365234 369.24786376953125 284.4796142578125
007081 0.314593642950058 123.92465209960938 96.59182739257812 472.7861633300781 390.02264404296875
007209 0.21809373795986176 68.59296417236328 43.84218215942383 318.47979736328125 465.2487487792969
007384 0.2449658215045929 65.26589965820312 85.90486145019531 386.31304931640625 404.4851989746094
007418 0.2935340404510498 15.603392601013184 41.231056213378906 303.527099609375 479.22509765625
007485 0.19094917178153992 114.66615295410156 112.37761688232422 379.20721435546875 296.09259033203125
007515 0.1265639066696167 72.77486419677734 53.6671142578125 315.0216064453125 240.01535034179688
007574 0.2415616810321808 35.510719299316406 48.94850540161133 460.6982116699219 316.1517639160156
007602 0.13571971654891968 279.9367370605469 143.10821533203125 495.7242126464844 323.14117431640625
007602 0.11255350708961487 70.76261901855469 102.0562973022461 312.9107971191406 371.0819091796875
007695 0.21748130023479462 120.15056610107422 44.35011291503906 386.580322265625 290.02020263671875
007794 0.2182358056306839 64.5648422241211 186.1678009033203 315.66583251953125 452.2026062011719
007828 0.28791794180870056 105.20191955566406 51.65296936035156 401.88177490234375 282.46539306640625
007875 0.4226852357387543 8.492775917053223 14.039263725280762 389.7542419433594 495.0941467285156
007938 0.17609715461730957 40.518802642822266 31.72607421875 467.26959228515625 307.1951599121094
008054 0.24893689155578613 94.29399108886719 63.86532211303711 404.5362854003906 323.9852294921875
008080 0.12923268973827362 98.64253234863281 120.67822265625 425.04248046875 380.8292541503906
008187 0.21960224211215973 80.52781677246094 135.4431915283203 251.54541015625 272.75531005859375
008201 0.26943445205688477 42.56342315673828 38.17317581176758 459.2967224121094 350.4405212402344
008201 0.16714097559452057 221.46878051757812 67.38648223876953 436.9567565917969 308.8189392089844
008328 0.16802649199962616 139.96124267578125 133.30332946777344 253.80880737304688 371.52276611328125
008340 0.2211511880159378 42.536720275878906 26.368484497070312 464.9407043457031 351.3902282714844
008356 0.3334333598613739 38.22967529296875 20.56926918029785 477.5078125 351.37176513671875
008358 0.19950784742832184 64.30805969238281 62.82822799682617 305.2901916503906 276.056640625
008358 0.1299598664045334 120.91744995117188 119.78096771240234 367.3119201660156 294.8568115234375
008476 0.17568372189998627 63.38090896606445 334.0299377441406 149.92616271972656 466.5400390625
008476 0.10614131391048431 47.22483825683594 310.3826599121094 203.69461059570312 453.8799743652344
008493 0.46042290329933167 66.25714111328125 37.04933166503906 435.0067138671875 279.6875915527344
008493 0.2040184885263443 141.63327026367188 36.685752868652344 344.14111328125 221.46923828125
008493 0.12087981402873993 85.43250274658203 80.64832305908203 255.14361572265625 256.2408447265625
008497 0.13830487430095673 43.060882568359375 7.471205711364746 457.45404052734375 315.0848388671875
008599 0.42349785566329956 30.5512752532959 43.37674331665039 229.0132293701172 462.0482177734375
008637 0.16026316583156586 138.08802795410156 110.3221206665039 387.42755126953125 266.05987548828125
008651 0.14931795001029968 113.98014831542969 50.546268463134766 359.1198425292969 320.4336242675781
008674 0.16198702156543732 144.91159057617188 89.82878875732422 400.0440368652344 381.6093444824219
008705 0.11743345856666565 163.3413848876953 95.87374114990234 335.4606628417969 276.4351501464844
008792 0.22199809551239014 20.59458351135254 21.070194244384766 465.07061767578125 377.118896484375
008863 0.2057889848947525 87.88994598388672 238.23678588867188 131.68775939941406 286.24371337890625
008863 0.19732457399368286 70.15507507324219 216.013671875 202.21275329589844 284.6036071777344
008889 0.28094029426574707 62.149391174316406 42.82756042480469 443.2165222167969 332.6767883300781
008898 0.13183212280273438 95.783935546875 39.41300582885742 399.2845153808594 354.5978698730469
008977 0.293165922164917 65.23043060302734 60.39150619506836 411.2590637207031 275.3065490722656
009014 0.109429270029068 254.46136474609375 194.79946899414062 392.7558288574219 318.3764953613281
009170 0.1747656762599945 123.01245880126953 127.20491790771484 250.2681427001953 240.795166015625
009190 0.77616286277771 26.674196243286133 27.625164031982422 477.051025390625 441.6378479003906
009199 0.1399117261171341 29.205263137817383 132.52880859375 363.7118225097656 484.3561096191406
009233 0.2793237268924713 174.95077514648438 75.01359558105469 338.444580078125 311.3841552734375
009276 0.14878134429454803 36.528621673583984 67.86890411376953 299.8964538574219 444.173583984375
009442 0.18208661675453186 61.220855712890625 25.14530372619629 436.8186340332031 312.531982421875
009450 0.24627996981143951 82.89861297607422 94.4602279663086 290.2943115234375 298.38360595703125
009450 0.18390782177448273 122.10682678222656 135.14598083496094 262.13580322265625 243.15621948242188
009513 0.14653487503528595 103.40442657470703 106.31011199951172 295.8601379394531 406.6507873535156
009592 0.33371371030807495 102.33026123046875 93.86054992675781 254.2632293701172 249.98402404785156
009624 0.1066933274269104 167.25457763671875 75.59394073486328 332.94854736328125 251.4943084716797
009799 0.12755416333675385 41.12885665893555 40.52702713012695 333.0450134277344 286.4032897949219
009899 0.12392250448465347 54.01243591308594 16.010663986206055 457.63653564453125 352.17230224609375
009952 0.36514121294021606 33.83623504638672 54.27454376220703 336.4078063964844 449.6786804199219
