000010 0.48540154099464417 85.51930236816406 146.73910522460938 246.97914123535156 429.9530029296875
000018 0.11114095151424408 29.831790924072266 38.742557525634766 349.70965576171875 262.0079650878906
000022 0.20517036318778992 96.82105255126953 113.50898742675781 363.9146423339844 292.5057067871094
000022 0.12786105275154114 81.76904296875 65.56706237792969 296.1686706542969 262.5708923339844
000166 0.4616866707801819 50.90812683105469 152.1256561279297 162.4636993408203 315.5414733886719
000168 0.4969560503959656 94.06681060791016 160.75967407226562 214.4638671875 431.1518859863281
000237 0.7409951686859131 66.58528900146484 81.62374114990234 413.7160949707031 287.0135192871094
000267 0.100066639482975 97.68920135498047 68.77986907958984 304.7655334472656 453.9349365234375
000297 0.1569739282131195 92.26560974121094 108.31963348388672 255.1532745361328 376.875244140625
000319 0.1414242684841156 58.39479064941406 46.59751892089844 307.5820617675781 280.34442138671875
000330 0.276859849691391 93.48943328857422 78.96420288085938 365.6721496582031 281.5596618652344
000356 0.6754584312438965 104.64494323730469 143.21273803710938 218.19837951660156 464.5869445800781
000378 0.15411467850208282 25.09164047241211 87.55628204345703 170.77989196777344 303.54046630859375
000392 0.3051775097846985 140.3306427001953 121.30843353271484 347.2568359375 289.6076354980469
000393 0.4921194911003113 177.80514526367188 58.16797637939453 355.1620788574219 271.9796142578125
000393 0.3771975636482239 135.85568237304688 114.50113677978516 386.555908203125 303.3135986328125
000434 0.809539258480072 75.91043090820312 60.4068603515625 419.42144775390625 362.25103759765625
000445 0.42548614740371704 126.41190338134766 74.1360092163086 357.3598937988281 248.134765625
000445 0.2861935794353485 76.79627990722656 66.8272476196289 262.8625183105469 252.84535217285156
000445 0.22448945045471191 305.5456848144531 112.3342514038086 479.2117004394531 251.38333129882812
000445 0.14658868312835693 254.77203369140625 86.90827941894531 410.5329284667969 217.92398071289062
000445 0.13632023334503174 30.87970733642578 128.5337677001953 194.5320281982422 243.94761657714844
000455 0.26789146661758423 67.3826675415039 76.47621154785156 416.3561706542969 329.09716796875
000616 0.11647289246320724 67.58367156982422 130.3605499267578 303.9000549316406 391.22186279296875
000623 0.5481716394424438 121.66996765136719 47.79802322387695 206.74478149414062 162.4973602294922
000623 0.2880595922470093 106.09249114990234 80.81277465820312 222.87693786621094 188.9949951171875
000704 0.21973666548728943 79.77740478515625 105.19031524658203 302.4598083496094 338.3825378417969
000734 0.17990271747112274 263.4980773925781 123.61429595947266 405.3748474121094 295.4447937011719
000783 0.37397822737693787 119.35061645507812 59.802757263183594 381.62091064453125 379.7549743652344
000836 0.5748802423477173 77.53902435302734 164.54359436035156 246.50425720214844 457.8062438964844
000866 0.42375969886779785 171.72274780273438 150.7810516357422 342.5702209472656 343.35858154296875
000986 0.2155158370733261 278.53497314453125 150.5348663330078 373.0538635253906 256.26953125
000986 0.1870594173669815 119.37801361083984 127.05816650390625 365.04461669921875 290.8885803222656
000986 0.10188588500022888 125.80156707763672 116.44561767578125 260.7511291503906 209.86428833007812
001033 0.11044217646121979 132.08653259277344 167.7135772705078 306.60589599609375 444.34222412109375
001114 0.2046814113855362 232.6555938720703 146.39825439453125 419.45245361328125 285.6934814453125
001114 0.1423361897468567 175.8122100830078 115.90076446533203 352.0912780761719 291.981689453125
001183 0.43168875575065613 139.07778930664062 129.77366638183594 346.8800964355469 352.411865234375
001183 0.29190897941589355 91.85833740234375 138.50994873046875 254.2716827392578 323.6070861816406
001183 0.14581182599067688 216.016845703125 156.677734375 393.274169921875 315.5931091308594
001317 0.5768494009971619 28.034135818481445 10.902877807617188 172.40386962890625 259.3642578125
001320 0.4525817632675171 172.92747497558594 53.93581008911133 365.8970642089844 278.3790588378906
001412 0.4388439357280731 188.37030029296875 80.28952026367188 351.3081970214844 270.4438781738281
001412 0.21270544826984406 239.5621337890625 93.2197036743164 393.9877624511719 253.175048828125
001417 0.5804126262664795 86.96906280517578 75.11813354492188 380.22369384765625 332.8760070800781
001471 0.10976719111204147 188.06393432617188 170.35452270507812 291.2535705566406 363.9197082519531
001624 0.49708977341651917 155.3124542236328 119.23310089111328 357.2834777832031 289.9931640625
001625 0.12408362329006195 112.61709594726562 160.85311889648438 241.8825225830078 274.1084289550781
001692 0.6039499044418335 90.6702651977539 37.608333587646484 229.4570770263672 187.64688110351562
001703 0.19924336671829224 51.088829040527344 37.83832931518555 437.41192626953125 294.6422424316406
001794 0.12570443749427795 47.56979751586914 102.46754455566406 153.8938751220703 283.5323181152344
001819 0.40920594334602356 49.16266632080078 122.42250061035156 288.96966552734375 445.8565979003906
001823 0.5607218742370605 73.71774291992188 151.24046325683594 228.6011962890625 440.75714111328125
001865 0.12856103479862213 22.95524024963379 26.31543731689453 355.3705749511719 485.70361328125
001900 0.24333204329013824 66.83615112304688 43.88025665283203 314.1068420410156 469.52593994140625
001939 0.21185529232025146 66.12044525146484 31.15079689025879 369.28924560546875 248.43919372558594
001987 0.18514886498451233 163.93939208984375 117.30900573730469 332.27301025390625 296.7322692871094
002031 0.901861310005188 52.77351379394531 48.85809326171875 437.345947265625 351.638671875
002071 0.2854492664337158 143.0176544189453 113.30494689941406 214.4682159423828 234.34634399414062
002071 0.2752339243888855 54.40044021606445 145.16961669921875 147.4533233642578 272.2131042480469
002071 0.2152613401412964 166.9064483642578 127.3883285522461 323.33551025390625 268.89337158203125
002071 0.10393309593200684 275.638916015625 136.22706604003906 382.3679504394531 259.813720703125
002071 0.10270074754953384 137.30369567871094 138.2850799560547 231.03530883789062 270.7768249511719
002072 0.313486248254776 118.26051330566406 101.3416748046875 345.99517822265625 306.42742919921875
002115 0.10752204060554504 137.7733154296875 122.52056121826172 339.3726501464844 281.9063415527344
002141 0.22830751538276672 34.151065826416016 162.47265625 283.95703125 450.463134765625
002204 0.6262288689613342 62.00212860107422 34.867095947265625 268.9608459472656 191.68580627441406
002283 0.1857760101556778 241.87442016601562 116.33692169189453 407.46038818359375 346.1112976074219
002360 0.43652185797691345 68.9349365234375 160.44790649414062 240.48715209960938 425.6848449707031
002398 0.5723231434822083 59.75299072265625 133.94822692871094 230.73068237304688 443.9164733886719
002409 0.5884489417076111 80.43730163574219 47.91859436035156 399.4576110839844 348.0242004394531
002511 0.5260921120643616 59.74599075317383 70.20734405517578 387.9686584472656 420.79376220703125
002553 0.114718496799469 53.40142822265625 40.38128662109375 445.37945556640625 367.45977783203125
002573 0.3945976495742798 306.63714599609375 152.8271026611328 353.84130859375 211.8198699951172
002573 0.1927708387374878 42.629451751708984 162.97633361816406 172.86778259277344 312.9975891113281
002573 0.14056289196014404 310.18292236328125 162.52760314941406 433.7788391113281 288.9209899902344
002573 0.1297403872013092 276.7974548339844 152.82180786132812 353.9358215332031 247.88671875
002596 0.27298176288604736 138.76361083984375 196.82986450195312 271.15936279296875 422.2758483886719
002596 0.15156547725200653 68.21095275878906 195.99612426757812 186.81271362304688 432.31494140625
002596 0.10175774991512299 72.42101287841797 171.469970703125 165.88185119628906 356.56121826171875
002655 0.6080245971679688 61.84419631958008 86.9229507446289 417.0429992675781 348.4185485839844
002692 0.17800335586071014 279.491943359375 212.35415649414062 347.2776184082031 398.63275146484375
002780 0.24262303113937378 256.75616455078125 93.06436920166016 406.9625244140625 257.2351379394531
002780 0.12230304628610611 46.136878967285156 127.82249450683594 201.5110321044922 280.2041931152344
002819 0.6832889318466187 61.53130340576172 59.28363037109375 412.3526916503906 328.4837951660156
002828 0.36159008741378784 45.10548782348633 25.593303680419922 333.7674560546875 262.2584533691406
002837 0.1950831115245819 131.0767364501953 90.40875244140625 351.0688781738281 291.58953857421875
002909 0.8263928890228271 77.13024139404297 159.85276794433594 223.2506561279297 426.1489562988281
002921 0.6066793203353882 83.17720031738281 149.60714721679688 248.8005828857422 437.76483154296875
003022 0.3695577085018158 149.0783233642578 55.625022888183594 370.7549133300781 281.6197509765625
003041 0.26279568672180176 201.06764221191406 187.71380615234375 301.26123046875 385.0029296875
003041 0.2348487824201584 74.25978088378906 151.54159545898438 235.25833129882812 437.986328125
003041 0.14197027683258057 126.60848236083984 181.10731506347656 265.39154052734375 393.7260437011719
003041 0.1290087103843689 22.581392288208008 183.82469177246094 99.05473327636719 424.298583984375
003068 0.22496455907821655 84.89954376220703 71.01412963867188 399.3779602050781 311.5151062011719
003084 0.4514772593975067 211.9354248046875 160.0745086669922 280.0954895019531 247.78439331054688
003173 0.17850033938884735 84.13688659667969 51.15076446533203 222.95816040039062 204.15982055664062
003187 0.1570865958929062 110.4407958984375 42.5402717590332 380.1280822753906 294.3534851074219
003232 0.785430908203125 33.17918014526367 36.440731048583984 271.49114990234375 195.66822814941406
003235 0.14790411293506622 74.61418151855469 148.2815704345703 268.5947570800781 434.8525085449219
003237 0.48167094588279724 57.87721633911133 149.8827667236328 250.7848358154297 478.4982604980469
003531 0.24094563722610474 45.49226379394531 122.60430908203125 165.6669158935547 285.4878234863281
003557 0.36197367310523987 179.61526489257812 127.81595611572266 304.2355041503906 272.0809020996094
003579 0.5395920872688293 69.56100463867188 117.03372955322266 230.8188934326172 450.9938659667969
003584 0.7238410115242004 83.33061218261719 36.784027099609375 241.5254669189453 193.42994689941406
003595 0.263262540102005 287.5362243652344 126.89966583251953 395.8354797363281 362.06427001953125
003680 0.2888120710849762 66.98236083984375 51.645118713378906 398.0383605957031 347.3014221191406
003720 0.6591627597808838 287.3524475097656 114.0680923461914 491.35992431640625 299.01751708984375
003720 0.6255218386650085 95.82874298095703 126.01715850830078 266.7825927734375 286.8055419921875
003720 0.25247886776924133 137.12579345703125 126.73228454589844 351.7799377441406 302.3799743652344
003720 0.17945502698421478 30.885652542114258 140.20150756835938 165.20480346679688 286.5753173828125
003720 0.16345901787281036 281.91412353515625 112.72429656982422 391.0281066894531 227.3487091064453
003720 0.15986043214797974 255.67156982421875 137.27940368652344 399.1161804199219 284.7492980957031
003734 0.5202425122261047 78.89055633544922 138.32337951660156 272.1537780761719 444.29638671875
003734 0.11980344355106354 61.700233459472656 191.6057891845703 191.36366271972656 393.9971923828125
003764 0.11472396552562714 99.51566314697266 71.28654479980469 219.6862335205078 183.38636779785156
003922 0.8510485887527466 59.952762603759766 57.644290924072266 407.7518615722656 307.55712890625
003951 0.19115079939365387 64.19811248779297 145.40159606933594 310.19482421875 425.71966552734375
003978 0.551268994808197 83.48249053955078 71.35014343261719 390.6136779785156 375.9716796875
004084 0.39517655968666077 86.41923522949219 36.21622085571289 254.02127075195312 195.73934936523438
004126 0.6249851584434509 77.46438598632812 132.3590087890625 201.93885803222656 435.8403015136719
004177 0.7962436079978943 113.9574203491211 54.48325729370117 398.4696044921875 352.95819091796875
004234 0.2358812838792801 110.8592758178711 63.61338424682617 361.19012451171875 267.3114318847656
004266 0.48587048053741455 35.228851318359375 44.13554000854492 452.19744873046875 342.0420837402344
004294 0.351879745721817 183.97532653808594 122.80518341064453 427.2747802734375 294.442626953125
004301 0.3101727366447449 76.8339614868164 71.69490051269531 314.4217224121094 406.20513916015625
004343 0.4300805926322937 37.349063873291016 40.376670837402344 452.15289306640625 312.13916015625
004381 0.3129066526889801 74.21378326416016 60.05804443359375 396.1094665527344 293.45025634765625
004538 0.494350403547287 95.21836853027344 60.22222137451172 380.1675109863281 324.7930603027344
004545 0.19279871881008148 103.78746032714844 113.62442779541016 260.1915588378906 287.8674621582031
004545 0.1334025263786316 121.08552551269531 120.82415771484375 368.5583801269531 342.4805908203125
004545 0.11641392856836319 272.5062561035156 148.55545043945312 379.6585693359375 321.89666748046875
004564 0.37938013672828674 83.73580169677734 163.30264282226562 230.7330322265625 452.7688293457031
004564 0.13381725549697876 139.6721954345703 173.3263397216797 261.5269470214844 445.891845703125
004564 0.11125855892896652 48.431339263916016 118.69236755371094 187.31231689453125 425.7451171875
004589 0.7372857928276062 62.37956619262695 65.36775207519531 405.60595703125 309.37261962890625
004629 0.3953979015350342 330.4949645996094 111.77254486083984 443.7356262207031 278.2520751953125
004629 0.36767202615737915 64.0328369140625 130.20713806152344 160.1077423095703 281.38214111328125
004629 0.35436323285102844 291.6037902832031 110.78585815429688 387.2183837890625 278.1047668457031
004629 0.29993534088134766 187.53140258789062 116.80625915527344 303.3757019042969 279.873779296875
004629 0.29026976227760315 108.38441467285156 79.06590270996094 228.9134521484375 263.2911682128906
004629 0.1865803748369217 253.64549255371094 116.46217346191406 350.0701904296875 276.89105224609375
004696 0.24748651683330536 83.83766174316406 93.90154266357422 263.7037048339844 241.03366088867188
004749 0.5264671444892883 78.88986206054688 54.968563079833984 221.3122100830078 222.6992645263672
004756 0.11752431094646454 167.0734405517578 120.55691528320312 323.04620361328125 283.6510925292969
004803 0.13917021453380585 88.07601165771484 121.73319244384766 303.6063537597656 294.7776794433594
004804 0.2498577982187271 68.8675308227539 107.70730590820312 203.1302947998047 276.84954833984375
004865 0.46582886576652527 21.787492752075195 31.58779525756836 436.9756774902344 291.6012268066406
004932 0.717498242855072 64.0450210571289 35.76874923706055 255.27493286132812 197.15989685058594
005080 0.37172019481658936 63.13918685913086 34.78281021118164 420.7522277832031 298.4983825683594
005132 0.36462733149528503 129.84133911132812 80.37269592285156 396.92718505859375 273.23309326171875
005139 0.2282455861568451 152.9840545654297 132.11972045898438 369.6322326660156 270.5823059082031
005182 0.6607720255851746 155.43023681640625 77.70203399658203 335.3748474121094 261.73406982421875
005182 0.15042412281036377 109.5076675415039 75.30322265625 265.4128112792969 275.5458068847656
005200 0.512766420841217 23.20747184753418 3.9185550212860107 483.0347900390625 340.7025451660156
005342 0.19866761565208435 196.86724853515625 107.57560729980469 421.64154052734375 300.0248718261719
005342 0.13769637048244476 104.12239837646484 99.71797943115234 276.7049255371094 286.8021545410156
005426 0.13851603865623474 121.60504150390625 58.10731887817383 401.9566345214844 269.7701110839844
005456 0.24838422238826752 97.49491119384766 33.66473388671875 224.1030731201172 174.3232421875
005610 0.1788424849510193 50.069175720214844 71.91558837890625 347.1340637207031 400.86761474609375
005733 0.3696231544017792 228.5462188720703 75.65939331054688 411.2079162597656 246.96685791015625
005733 0.1375986635684967 162.4748077392578 116.22953796386719 369.4700622558594 284.7433166503906
005876 0.1345927119255066 128.8306427001953 198.51487731933594 352.63153076171875 426.5795593261719
005944 0.11589612066745758 45.417869567871094 44.70923614501953 183.36532592773438 177.8345489501953
005967 0.2849438786506653 86.92115783691406 36.55966567993164 240.6139373779297 182.08297729492188
006122 0.5173412561416626 180.0394744873047 74.70296478271484 334.4777526855469 268.11309814453125
006143 0.21345078945159912 111.4557113647461 152.072021484375 242.26589965820312 344.69549560546875
006143 0.1330469399690628 153.37661743164062 185.88612365722656 264.9844665527344 326.4593200683594
006143 0.12936243414878845 83.88444519042969 226.15208435058594 251.13516235351562 382.6357727050781
006207 0.8352702260017395 73.90813446044922 57.28001022338867 394.3382263183594 277.370849609375
006266 0.10423727333545685 100.38404083251953 108.14311981201172 272.6946105957031 286.56597900390625
006361 0.24844062328338623 310.1026306152344 108.92953491210938 477.58026123046875 297.8444519042969
006361 0.1388632357120514 247.62744140625 91.91424560546875 411.8214416503906 249.70529174804688
006365 0.2101665437221527 89.52631378173828 104.00554656982422 409.0818786621094 298.4074401855469
006365 0.1643473505973816 141.50047302246094 71.54055786132812 372.47259521484375 254.6310272216797
006368 0.2079351544380188 93.5506820678711 68.30787658691406 388.329345703125 286.0290222167969
006378 0.42328131198883057 133.7061767578125 126.02180480957031 227.9462127685547 272.2676086425781
006378 0.27175629138946533 269.1375427246094 135.1614990234375 387.7318420410156 267.3857421875
006401 0.12745557725429535 264.3984680175781 197.4788360595703 375.1123962402344 300.7542724609375
006540 0.32883116602897644 82.20841217041016 176.22535705566406 240.1920623779297 433.7635192871094
006540 0.3074815571308136 78.88966369628906 179.69122314453125 167.02003479003906 348.8304748535156
006540 0.2179119884967804 155.00289916992188 147.89602661132812 251.8621063232422 349.14324951171875
006540 0.17191757261753082 141.2459716796875 207.05160522460938 264.2758483886719 399.6468200683594
006589 0.20856143534183502 187.64027404785156 132.9527587890625 346.2098693847656 253.655029296875
006623 0.22997984290122986 72.73123168945312 160.17037963867188 260.00579833984375 446.8044738769531
006623 0.16855184733867645 158.94496154785156 129.51808166503906 264.6475830078125 385.5910339355469
006672 0.39416182041168213 86.92728424072266 56.346622467041016 215.36837768554688 202.6421356201172
006756 0.391306072473526 118.53329467773438 175.71531677246094 200.25794982910156 337.9452209472656
006779 0.38543829321861267 50.736026763916016 27.636615753173828 432.1068420410156 298.94390869140625
006793 0.535179078578949 87.51630401611328 34.0327262878418 234.74542236328125 179.7261962890625
006811 0.4349857568740845 102.03590393066406 30.505046844482422 223.5790252685547 198.19517517089844
006863 0.4494381248950958 170.22409057617188 146.59576416015625 325.480712890625 271.81890869140625
006863 0.4091038405895233 132.32040405273438 116.06289672851562 226.9962615966797 220.37994384765625
006863 0.24848763644695282 248.40447998046875 146.85464477539062 404.79632568359375 268.63458251953125
006863 0.1516866832971573 119.63583374023438 142.8086395263672 245.05775451660156 264.3132629394531
006863 0.15084613859653473 411.6968688964844 143.50303649902344 501.773193359375 257.4109802246094
006863 0.12390350550413132 317.0130615234375 140.13279724121094 453.34210205078125 271.47027587890625
006873 0.6596150398254395 48.86026382446289 84.3672866821289 428.11578369140625 362.3537902832031
006875 0.333172082901001 124.68544006347656 161.91432189941406 251.555908203125 423.96435546875
006897 0.36702218651771545 95.968505859375 91.20317840576172 377.42987060546875 407.8702392578125
006915 0.22941598296165466 119.27293395996094 64.63816833496094 407.43853759765625 314.64190673828125
006973 0.5219515562057495 42.24032211303711 12.8207426071167 461.510498046875 321.1822814941406
006982 0.12397091835737228 179.926513671875 112.99259185791016 316.988037109375 289.2381591796875
007055 0.7803142666816711 43.65177917480469 39.546302795410156 436.0839538574219 351.6300048828125
007118 0.27983951568603516 97.80652618408203 90.16221618652344 330.77398681640625 315.40185546875
007134 0.24466919898986816 83.01375579833984 80.6003646850586 390.55938720703125 307.95111083984375
007229 0.23248353600502014 12.274601936340332 22.50983238220215 268.86810302734375 204.73806762695312
007252 0.10946770012378693 195.99655151367188 110.82866668701172 469.763427734375 312.72015380859375
007253 0.8673696517944336 89.36234283447266 148.68743896484375 224.55657958984375 438.1351623535156
007265 0.19403314590454102 70.82572937011719 25.874788284301758 443.6432189941406 314.8902282714844
007293 0.5822634696960449 95.94129180908203 52.58283233642578 414.3780517578125 288.51513671875
007293 0.10865627974271774 153.0403594970703 118.5461196899414 359.8546447753906 284.99395751953125
007303 0.49695152044296265 94.63423156738281 157.07716369628906 229.8717803955078 471.6588439941406
007310 0.31025147438049316 87.37506866455078 176.1209716796875 251.97023010253906 426.5953674316406
007392 0.6131775379180908 90.72513580322266 156.083984375 231.90708923339844 458.8335876464844
007462 0.11579357832670212 126.72889709472656 81.93212890625 276.55694580078125 311.36572265625
007509 0.22853440046310425 76.67654418945312 93.91959381103516 249.77516174316406 403.13763427734375
007509 0.11708968877792358 49.68250274658203 143.91163635253906 185.8444366455078 396.6430358886719
007599 0.14952793717384338 110.97777557373047 128.35269165039062 369.84674072265625 298.89752197265625
007599 0.10626590996980667 40.150672912597656 149.23951721191406 160.8754425048828 277.64990234375
007609 0.1334010660648346 54.608497619628906 156.2064208984375 280.1087951660156 481.12005615234375
007616 0.2876255512237549 108.2322998046875 74.94007873535156 375.2382507324219 323.7511901855469
007620 0.35939130187034607 72.25389862060547 181.4880828857422 250.7096710205078 411.92578125
007623 0.267452210187912 70.20906829833984 76.50899505615234 232.22279357910156 194.3529510498047
007636 0.6656132936477661 96.01443481445312 159.2879638671875 227.65895080566406 445.27923583984375
007659 0.23315370082855225 120.36795806884766 220.6785430908203 200.07127380371094 395.0603332519531
007659 0.2101798802614212 133.91197204589844 209.71449279785156 198.66845703125 314.73065185546875
007750 0.5818560719490051 68.65176391601562 131.01507568359375 295.2738037109375 445.2362365722656
007766 0.5925453305244446 62.82002258300781 55.90327072143555 404.1770935058594 333.5428771972656
007874 0.6270970702171326 173.00308227539062 54.016483306884766 340.5702819824219 296.94927978515625
007904 0.10711495578289032 325.8179931640625 150.60508728027344 447.9978942871094 315.583740234375
007972 0.20595937967300415 68.06207275390625 43.37000274658203 410.68426513671875 271.3260803222656
008000 0.1904572695493698 110.95408630371094 113.05249786376953 243.99488830566406 288.70880126953125
008025 0.11838868260383606 75.09180450439453 48.496498107910156 321.44293212890625 340.25634765625
008059 0.2653515040874481 113.98686981201172 73.3844985961914 213.60171508789062 176.04190063476562
008109 0.14977863430976868 163.23245239257812 144.9732208251953 321.0442810058594 314.7046813964844
008124 0.12966367602348328 143.26321411132812 59.9491081237793 383.5796203613281 273.0364990234375
008183 0.20684809982776642 31.434640884399414 43.6954345703125 260.2723693847656 274.7266845703125
008205 0.697815477848053 105.85535430908203 42.81543731689453 232.17726135253906 175.1568603515625
008228 0.49925893545150757 46.86994552612305 38.9505729675293 300.1629333496094 297.54779052734375
008256 0.8525807857513428 91.1859130859375 70.22472381591797 376.96405029296875 370.1010437011719
008298 0.2639925181865692 32.642677307128906 76.12066650390625 318.74212646484375 263.8341064453125
008303 0.3406698405742645 105.21643829345703 78.41780853271484 372.607177734375 343.6239929199219
008314 0.5111302733421326 186.837890625 57.33363342285156 342.60595703125 277.92205810546875
008314 0.15726585686206818 258.0445556640625 131.42892456054688 407.9690246582031 281.5506286621094
008314 0.15281067788600922 154.87535095214844 124.08683776855469 370.265625 301.3550720214844
008354 0.14809605479240417 144.84365844726562 65.13053894042969 345.1423645019531 266.7965087890625
008399 0.20104913413524628 75.64166259765625 99.12410736083984 381.71942138671875 392.2178955078125
008441 0.14074714481830597 93.70816040039062 42.38108444213867 445.3547668457031 298.20135498046875
008593 0.5200374722480774 33.8303337097168 130.3209991455078 149.02969360351562 281.57568359375
008593 0.44484633207321167 302.9580078125 130.4719696044922 437.28460693359375 254.8593292236328
008593 0.31662502884864807 255.9442901611328 124.36933135986328 383.6305847167969 262.6860656738281
008593 0.28086015582084656 109.07743072509766 137.44117736816406 229.3100128173828 262.9446716308594
008593 0.21491378545761108 158.23219299316406 123.00189208984375 304.6209716796875 273.75244140625
008605 0.38400059938430786 140.32659912109375 110.21879577636719 234.88890075683594 219.81231689453125
008605 0.1769818514585495 261.5467834472656 109.12701416015625 384.7050476074219 216.54811096191406
008605 0.10087262094020844 191.49085998535156 128.60565185546875 312.2610778808594 260.51068115234375
008786 0.11045049875974655 181.78814697265625 148.50787353515625 317.94000244140625 266.5496826171875
008802 0.28336647152900696 88.96251678466797 31.50731658935547 239.385986328125 177.0304412841797
008804 0.5504204630851746 85.77603912353516 39.43180465698242 228.09976196289062 195.10250854492188
008853 0.15848684310913086 139.59617614746094 146.59402465820312 328.30352783203125 329.5084228515625
008882 0.7868356108665466 61.854225158691406 148.10693359375 260.13092041015625 441.9974365234375
008899 0.5799996852874756 66.24901580810547 57.003021240234375 399.6455383300781 312.78704833984375
009067 0.8659226298332214 84.44381713867188 70.50370025634766 416.2969055175781 410.3951416015625
009074 0.26172834634780884 189.04953002929688 145.61666870117188 283.64007568359375 306.88287353515625
009082 0.12089131027460098 120.64625549316406 118.20319366455078 361.8736267089844 276.7727966308594
009130 0.30733752250671387 68.4006118774414 143.33261108398438 341.536376953125 437.9375305175781
009142 0.15335479378700256 45.05868148803711 29.561670303344727 321.5787048339844 468.7017822265625
009231 0.18805815279483795 100.66950988769531 77.39328002929688 392.8299865722656 298.08099365234375
009380 0.35049888491630554 108.25019836425781 73.44488525390625 364.1018371582031 312.8785705566406
009400 0.10369449853897095 279.0867919921875 144.39166259765625 405.9623718261719 271.4877014160156
009505 0.511283278465271 95.42119598388672 69.95881652832031 331.99945068359375 397.5705871582031
009525 0.3068258464336395 92.04488372802734 86.03904724121094 312.83831787109375 414.783447265625
009535 0.24747982621192932 138.34542846679688 107.32286834716797 344.90582275390625 302.0601806640625
009535 0.1704576164484024 185.0328369140625 95.60066223144531 420.6459655761719 322.08782958984375
009661 0.4931584596633911 70.23277282714844 67.75333404541016 401.1480407714844 308.1264953613281
009722 0.17914214730262756 74.18592071533203 183.87525939941406 167.83026123046875 334.0389099121094
009722 0.15031524002552032 79.48333740234375 213.68487548828125 253.84278869628906 408.3755798339844
009768 0.31527531147003174 148.17819213867188 148.99514770507812 195.3691864013672 198.26255798339844
009768 0.2705383896827698 359.6601867675781 109.42805480957031 441.31146240234375 204.3051300048828
009768 0.13417305052280426 149.950439453125 144.84495544433594 227.50787353515625 212.70840454101562
009903 0.3379332423210144 97.70308685302734 88.71914672851562 378.967529296875 314.99920654296875
009957 0.23912987112998962 43.30857467651367 133.8723907470703 292.7987365722656 456.2099304199219
