000201 0.13614986836910248 227.3126678466797 131.41204833984375 414.1756896972656 299.52862548828125
000353 0.4837319552898407 74.15779113769531 63.61376190185547 408.9811096191406 328.2953796386719
000364 0.4054538905620575 103.2013168334961 79.95657348632812 398.7992858886719 301.5105285644531
000364 0.14565083384513855 16.17892074584961 103.36286163330078 205.35809326171875 265.1076354980469
000497 0.43677157163619995 122.29087829589844 195.88772583007812 365.2120666503906 435.38916015625
000570 0.17762421071529388 80.05613708496094 112.63565063476562 408.71826171875 342.4798889160156
000630 0.4332753121852875 149.9600830078125 171.70144653320312 362.21087646484375 310.3650817871094
000655 0.29778680205345154 89.18868255615234 126.82842254638672 421.5313415527344 326.42498779296875
000775 0.18074868619441986 138.51968383789062 234.83753967285156 349.41424560546875 392.5230407714844
001134 0.3954087495803833 200.04737854003906 176.49891662597656 307.0791931152344 269.2898254394531
001134 0.22766122221946716 119.98986053466797 195.61289978027344 210.0517120361328 267.2901611328125
001134 0.14883939921855927 83.00007629394531 197.12437438964844 138.84413146972656 284.2830505371094
001134 0.14762422442436218 107.86890411376953 161.1779022216797 243.54322814941406 286.19573974609375
001157 0.5584575533866882 38.98966598510742 40.306819915771484 455.5479736328125 296.07794189453125
001264 0.6050493121147156 78.80682373046875 48.405662536621094 435.2241516113281 326.1687927246094
001285 0.299831360578537 116.79633331298828 144.8588104248047 390.88958740234375 267.1323547363281
001285 0.10040219873189926 59.8693733215332 146.6586151123047 277.8203125 278.7217712402344
001296 0.17664015293121338 73.43765258789062 112.60027313232422 426.724609375 339.04248046875
001357 0.25734561681747437 62.01457977294922 122.75269317626953 410.9593811035156 341.1352844238281
001446 0.1590244323015213 166.2304229736328 228.3515625 273.04034423828125 397.90240478515625
001502 0.254330039024353 127.28506469726562 163.3376007080078 372.1397705078125 345.34722900390625
001516 0.30615001916885376 96.2298355102539 68.5563735961914 416.14874267578125 326.10308837890625
001619 0.17866525053977966 107.49779510498047 64.06405639648438 392.1730651855469 251.1812286376953
001744 0.24194008111953735 149.6803436279297 51.21544647216797 344.189453125 128.24781799316406
001798 0.1411263346672058 68.56924438476562 53.19076919555664 411.2070617675781 293.24029541015625
001916 0.5156908631324768 292.2145690917969 97.82980346679688 383.46405029296875 213.61184692382812
001916 0.4574317932128906 350.8113708496094 80.61778259277344 414.1278076171875 227.2644805908203
001916 0.3345834016799927 267.50048828125 72.97212982177734 364.9393615722656 252.0828094482422
001916 0.14347781240940094 164.1933135986328 111.58641815185547 341.46337890625 225.06251525878906
001916 0.1131935715675354 77.75410461425781 97.59026336669922 161.86917114257812 219.94578552246094
001998 0.16684088110923767 118.42893981933594 140.4053497314453 366.9007873535156 309.241455078125
002080 0.1266392469406128 87.62407684326172 141.60060119628906 412.5414733886719 289.0325927734375
002168 0.2550795376300812 209.6186981201172 193.60165405273438 270.0663757324219 293.56024169921875
002168 0.19317379593849182 311.4801940917969 206.03060913085938 366.6844787597656 268.8475646972656
002168 0.18571580946445465 95.13082885742188 193.14671325683594 140.6388702392578 283.54693603515625
002168 0.11197168380022049 231.2443389892578 213.0306396484375 286.1618957519531 271.99273681640625
002185 0.4798305928707123 82.42794799804688 53.85456848144531 403.6252136230469 290.3850402832031
002379 0.38284751772880554 73.69171142578125 51.54794692993164 424.4411926269531 334.5467529296875
002397 0.15023581683635712 143.60708618164062 234.89376831054688 195.00889587402344 415.0981140136719
002488 0.28721004724502563 38.67361068725586 159.76358032226562 333.5514831542969 467.1632385253906
002568 0.25036001205444336 36.76787185668945 96.83165740966797 438.8636779785156 307.2259216308594
002592 0.44329944252967834 89.92034149169922 36.84273910522461 418.30889892578125 306.9156188964844
002830 0.20776130259037018 66.768310546875 112.75111389160156 415.3030090332031 292.2857360839844
002999 0.23223301768302917 129.63990783691406 80.9197998046875 379.99462890625 242.29595947265625
002999 0.18294976651668549 304.229248046875 90.85486602783203 482.8216857910156 233.14849853515625
002999 0.1675044298171997 30.65015411376953 91.344482421875 178.72198486328125 227.317626953125
003505 0.4484145939350128 177.01780700683594 136.68704223632812 322.82080078125 325.9087829589844
003538 0.26005592942237854 57.70540237426758 126.83119201660156 432.165283203125 342.4080505371094
003730 0.19679413735866547 119.8604507446289 110.2942123413086 354.841064453125 302.0624694824219
003810 0.22010543942451477 80.38697052001953 114.20000457763672 255.02957153320312 277.133544921875
003810 0.19521161913871765 106.99729919433594 139.86813354492188 242.34884643554688 242.28346252441406
003810 0.16410338878631592 88.35552978515625 183.79148864746094 270.4727783203125 310.318603515625
003810 0.15813587605953217 255.5228271484375 162.90524291992188 380.9889831542969 316.76708984375
003833 0.21284925937652588 88.14093017578125 95.86766815185547 388.42071533203125 296.6273193359375
004070 0.18611018359661102 91.77355194091797 156.263916015625 242.9122772216797 267.2826843261719
004070 0.1636599451303482 146.28274536132812 132.77188110351562 366.1951599121094 281.5965881347656
004070 0.13358068466186523 311.2112121582031 134.84043884277344 450.2539978027344 286.4405822753906
004070 0.10947508364915848 48.217872619628906 163.64366149902344 177.0325469970703 274.75579833984375
004417 0.23942559957504272 114.32832336425781 186.42291259765625 210.8428192138672 310.23626708984375
004475 0.2731924057006836 57.46329116821289 165.81675720214844 323.89141845703125 453.11163330078125
004568 0.15484033524990082 70.15641784667969 48.30622863769531 413.49578857421875 293.9593200683594
004641 0.4550118148326874 65.30948638916016 36.21055221557617 443.7137451171875 348.32098388671875
004650 0.2236580103635788 86.1758804321289 125.13079071044922 410.11199951171875 341.00653076171875
004729 0.34531325101852417 44.76702117919922 69.88951873779297 358.7218017578125 318.67694091796875
004800 0.1507505178451538 120.74517059326172 52.43239212036133 375.3568115234375 185.24444580078125
004833 0.1281566470861435 67.50559997558594 36.660030364990234 432.40460205078125 330.3166198730469
004917 0.2973690927028656 128.2437286376953 147.737060546875 372.0810852050781 328.5956115722656
004917 0.167852982878685 68.62137603759766 165.24436950683594 273.4806213378906 324.9784240722656
004942 0.11851411312818527 245.35227966308594 152.1554412841797 393.1548767089844 288.20770263671875
004942 0.10537561774253845 148.89431762695312 147.92430114746094 370.8392028808594 292.0039367675781
005120 0.12566106021404266 28.893020629882812 134.48207092285156 309.2022399902344 483.2545166015625
005188 0.10265158116817474 59.59369659423828 141.71893310546875 323.94464111328125 317.25445556640625
005197 0.2882508635520935 101.49209594726562 105.95326232910156 385.31036376953125 303.7735900878906
005468 0.6246383786201477 55.62631607055664 39.91823196411133 426.5313415527344 439.4266357421875
005479 0.12583954632282257 69.96806335449219 100.59764862060547 324.2879638671875 304.282958984375
005534 0.13835591077804565 121.95867156982422 60.98576354980469 366.8936462402344 280.3460998535156
005553 0.3423052132129669 73.82038879394531 71.17508697509766 336.2196350097656 439.245849609375
005560 0.20234236121177673 86.67230987548828 149.21315002441406 431.6146545410156 335.1260986328125
005571 0.3308768570423126 52.213401794433594 55.011905670166016 430.9651794433594 287.3656311035156
005595 0.19403602182865143 43.79691696166992 102.246337890625 449.82928466796875 396.6477966308594
005774 0.12790407240390778 43.999732971191406 132.50054931640625 446.6763916015625 469.7716369628906
005787 0.2952423691749573 57.733463287353516 197.4224395751953 316.516357421875 422.7891845703125
005798 0.1785409152507782 126.3125 27.862112045288086 348.8873596191406 169.7860107421875
006083 0.2627178728580475 103.18488311767578 82.23583221435547 386.24151611328125 302.84619140625
006119 0.46373558044433594 219.57272338867188 114.57041931152344 396.8134765625 297.5129089355469
006119 0.1127561405301094 107.01316833496094 149.59642028808594 221.48828125 274.1631774902344
006193 0.3777098059654236 142.5506134033203 114.7938461303711 359.2308654785156 278.3755798339844
006561 0.10217630863189697 40.00276565551758 93.32207489013672 455.0034484863281 311.8772888183594
006567 0.4868403971195221 187.86825561523438 187.44651794433594 299.8880310058594 290.8419189453125
006567 0.32454198598861694 247.42025756835938 180.30081176757812 390.4547119140625 283.2019958496094
006796 0.1271563321352005 108.24162292480469 109.4636001586914 368.2659606933594 295.69573974609375
006920 0.10451003164052963 193.83070373535156 117.59988403320312 428.8366394042969 278.8498840332031
006951 0.5366392731666565 134.69187927246094 84.31148529052734 364.9647216796875 300.56072998046875
007307 0.21523050963878632 126.45320892333984 79.38381958007812 396.6558837890625 299.54827880859375
007501 0.21621614694595337 67.76539611816406 70.05303192138672 432.1158752441406 321.6658020019531
007553 0.15659379959106445 84.20209503173828 46.32819366455078 415.88323974609375 299.4789733886719
007593 0.2396799474954605 95.01988220214844 173.3013458251953 331.2807312011719 440.9801330566406
007593 0.14002850651741028 172.383056640625 187.6917266845703 396.16546630859375 434.2994384765625
007593 0.13977523148059845 21.78610610961914 116.5932846069336 161.4686737060547 375.3497619628906
007645 0.2843429744243622 61.62800216674805 58.79661560058594 454.71484375 318.776611328125
007792 0.10049086064100266 35.983482360839844 170.14552307128906 140.4156951904297 304.500732421875
007983 0.17399688065052032 103.95694732666016 110.06787872314453 274.37506103515625 391.4903564453125
008003 0.3019929826259613 27.29796028137207 72.0343246459961 467.3315734863281 288.1377868652344
008034 0.12328926473855972 115.50611877441406 91.17801666259766 383.9166259765625 252.35865783691406
008230 0.5787778496742249 101.69915008544922 85.4481430053711 377.7476501464844 289.4042053222656
008230 0.21991419792175293 25.34596061706543 109.370361328125 185.31326293945312 254.23104858398438
008230 0.11476866155862808 312.8049011230469 120.89153289794922 473.7303161621094 254.8700408935547
008259 0.21408425271511078 82.61605834960938 62.124778747558594 411.0611877441406 321.7085876464844
008273 0.1008845865726471 45.17889404296875 169.90628051757812 321.86749267578125 444.26544189453125
008324 0.19919312000274658 218.83897399902344 189.2201385498047 303.1994323730469 264.98956298828125
008455 0.11267030984163284 98.01679229736328 233.8905029296875 210.8787078857422 399.6136779785156
008597 0.3004903793334961 113.6301040649414 160.97164916992188 410.1025085449219 334.71270751953125
008619 0.21886596083641052 40.95512771606445 42.43667984008789 453.7771911621094 300.632568359375
008623 0.2019806057214737 158.7370147705078 171.2521514892578 332.84027099609375 308.3113098144531
008689 0.14544641971588135 127.95960998535156 66.8554916381836 345.8117370605469 270.7908020019531
008845 0.33905431628227234 21.008655548095703 99.44755554199219 444.0980224609375 389.5828857421875
008852 0.6115436553955078 68.4666519165039 70.86729431152344 425.4170837402344 320.731689453125
008852 0.10326659679412842 2.1766276359558105 92.46460723876953 191.4767608642578 276.7680358886719
008994 0.13651742041110992 143.82168579101562 162.22171020507812 365.9123229980469 305.2442932128906
009008 0.5008276104927063 55.748924255371094 77.13372039794922 444.6051940917969 305.7188720703125
009041 0.10351668298244476 118.4720230102539 122.36144256591797 380.6942443847656 299.8909606933594
009044 0.1460392028093338 60.823665618896484 64.47312927246094 423.1993408203125 287.06719970703125
009047 0.41017797589302063 77.92149353027344 57.14420700073242 402.9031066894531 262.96392822265625
009050 0.43014782667160034 73.15274047851562 49.27537155151367 444.3789367675781 295.83050537109375
009065 0.16075041890144348 58.04139709472656 85.42849731445312 434.3487548828125 304.4185791015625
009069 0.35796093940734863 39.661869049072266 39.69492721557617 461.8174133300781 351.25921630859375
009084 0.3376304805278778 90.91919708251953 56.60042190551758 395.1300048828125 327.1843566894531
009139 0.1453240066766739 109.10265350341797 61.06264877319336 392.2677307128906 325.232421875
009145 0.3263157308101654 118.09609985351562 78.446044921875 370.2055969238281 308.88177490234375
009277 0.209132581949234 130.38966369628906 134.00050354003906 356.213623046875 329.1940002441406
009338 0.2996956706047058 96.02117919921875 146.22137451171875 420.9058532714844 327.82183837890625
009361 0.16915564239025116 132.3031768798828 123.7302474975586 359.816162109375 286.557861328125
009495 0.20066457986831665 106.83628845214844 72.84760284423828 405.4476318359375 303.6978454589844
009563 0.12406207621097565 60.49290466308594 183.99148559570312 267.3271789550781 461.7535095214844
009674 0.1462780386209488 66.162353515625 129.25218200683594 275.0458068847656 382.1880187988281
009674 0.13809025287628174 103.72148132324219 153.68568420410156 238.06027221679688 344.0623474121094
009677 0.15596053004264832 115.6827392578125 37.78478240966797 395.5445556640625 303.0719909667969
009705 0.618362545967102 53.573089599609375 66.86517333984375 459.4400939941406 309.3974914550781
009850 0.17193031311035156 113.75524139404297 160.3158721923828 224.30029296875 340.68426513671875
009890 0.19545534253120422 89.1576156616211 114.05548858642578 385.6122131347656 309.1401672363281
009960 0.3145885467529297 70.3830337524414 93.86668395996094 398.56658935546875 306.7857666015625
