000149 0.4575054347515106 78.8692398071289 52.28968048095703 428.81243896484375 323.0175476074219
000178 0.10099854320287704 79.60633087158203 41.76519012451172 139.77426147460938 125.08602142333984
000385 0.1041175052523613 53.767822265625 59.9000129699707 165.7341766357422 204.8289337158203
000547 0.11878185719251633 20.016359329223633 70.25891876220703 135.69509887695312 287.74090576171875
000547 0.10249586403369904 230.36549377441406 74.38395690917969 352.50335693359375 295.7993469238281
000573 0.2608412504196167 124.39254760742188 64.1253890991211 381.82049560546875 305.5344543457031
000573 0.13893452286720276 182.38381958007812 184.46022033691406 338.9944763183594 313.9298095703125
000573 0.10360202193260193 183.0110321044922 230.66351318359375 326.7267761230469 358.72802734375
000573 0.10023514181375504 92.0162582397461 50.496341705322266 248.99832153320312 217.0354766845703
000573 0.10007400810718536 90.31089782714844 78.53682708740234 269.4071350097656 306.6361083984375
000650 0.10326490551233292 148.90423583984375 108.46817779541016 370.9773864746094 268.7170715332031
000894 0.12918531894683838 144.36941528320312 51.851444244384766 226.72137451171875 160.20254516601562
001070 0.23906992375850677 96.14912414550781 158.4698486328125 415.3387451171875 351.871337890625
001070 0.21286918222904205 91.1917724609375 78.86808776855469 256.2456970214844 326.2136535644531
001070 0.1423281580209732 110.99313354492188 67.06210327148438 236.86988830566406 232.08868408203125
001431 0.21404971182346344 121.27021789550781 88.82418823242188 386.31787109375 264.7967224121094
001431 0.1355004459619522 14.364645004272461 89.10794067382812 178.98577880859375 272.5397644042969
001431 0.1288955956697464 91.46675109863281 67.02842712402344 263.38983154296875 208.2862548828125
001869 0.20868824422359467 83.54266357421875 65.66973876953125 425.6405944824219 304.7897644042969
001880 0.19112257659435272 158.43328857421875 124.8243179321289 345.4798278808594 250.89434814453125
002035 0.11689411103725433 111.69226837158203 100.09150695800781 386.0065002441406 281.2192077636719
002394 0.10454562306404114 41.37389373779297 50.17403030395508 112.04170989990234 179.26528930664062
002422 0.143149271607399 66.4359359741211 89.60626983642578 325.13519287109375 412.9069519042969
002527 0.5809723138809204 57.00540542602539 117.3956069946289 312.7883605957031 403.9882507324219
002527 0.1319834589958191 168.92349243164062 309.0048522949219 312.35382080078125 489.4892578125
002557 0.2654334306716919 283.6986389160156 31.86798095703125 367.4523010253906 140.15638732910156
002617 0.10092128813266754 37.82369613647461 63.08049392700195 180.93548583984375 214.07456970214844
002743 0.11344139277935028 127.51952362060547 83.85011291503906 367.2466735839844 275.4935302734375
002788 0.18847958743572235 190.31861877441406 75.4659652709961 327.92889404296875 159.7353515625
002788 0.10288061201572418 130.18605041503906 74.15037536621094 221.0513916015625 174.71359252929688
002799 0.22351102530956268 149.1703338623047 94.28429412841797 347.4085998535156 277.5126037597656
003062 0.12840311229228973 104.30308532714844 128.63392639160156 392.2012023925781 344.631591796875
003141 0.11914657801389694 51.99848556518555 64.36530303955078 161.79652404785156 197.0281982421875
003281 0.15442784130573273 172.3881072998047 143.76991271972656 320.2528076171875 367.2022399902344
003448 0.14354629814624786 105.2132797241211 80.45862579345703 217.74147033691406 193.7484130859375
003448 0.13912636041641235 142.80111694335938 108.18207550048828 347.2089538574219 250.23095703125
003448 0.10399173945188522 83.67694091796875 99.76917266845703 255.6182861328125 256.12298583984375
003459 0.10050780326128006 255.6899871826172 28.679826736450195 393.5918884277344 142.70932006835938
003488 0.18491369485855103 121.43882751464844 108.41687774658203 259.17144775390625 212.94337463378906
003572 0.1296989619731903 17.81012725830078 25.32649040222168 278.9916076660156 358.45428466796875
003626 0.12735554575920105 86.30538177490234 239.8575897216797 259.0032958984375 446.3719482421875
003787 0.14430761337280273 300.4246520996094 58.8520393371582 458.8610534667969 282.3727111816406
003787 0.11260172724723816 276.7035217285156 64.1609115600586 398.03558349609375 270.1289978027344
003894 0.12023933231830597 250.2900390625 12.8737211227417 397.41094970703125 149.5859832763672
004027 0.16722506284713745 58.49385070800781 322.9170227050781 176.04107666015625 481.3205871582031
004027 0.13659965991973877 94.72814178466797 230.88706970214844 228.0371856689453 394.9841003417969
004027 0.1007411926984787 146.8412628173828 112.75469207763672 268.7109375 400.343017578125
004038 0.20737005770206451 161.95327758789062 72.85962677001953 326.7127685546875 180.38995361328125
004059 0.14262890815734863 78.92291259765625 223.012451171875 272.1474304199219 352.943359375
004124 0.15059630572795868 48.675270080566406 29.851266860961914 422.9122619628906 351.6444396972656
004486 0.12320946156978607 57.6334114074707 82.80004119873047 162.51283264160156 256.0159912109375
004664 0.1239650547504425 176.33984375 106.578369140625 324.0868225097656 398.3141784667969
004964 0.14271992444992065 180.1571502685547 144.2797088623047 315.59051513671875 201.45294189453125
005092 0.11213751137256622 60.158119201660156 38.79643249511719 424.9078369140625 301.6584167480469
005233 0.10742698609828949 201.26588439941406 26.376386642456055 312.792724609375 148.14608764648438
005284 0.2706555426120758 85.17366790771484 87.71758270263672 284.1866455078125 306.467041015625
005284 0.2406986951828003 85.20293426513672 235.58319091796875 277.4847412109375 364.8718566894531
005284 0.18311578035354614 218.1687469482422 56.717498779296875 377.66888427734375 336.1722106933594
005284 0.17225325107574463 239.3721923828125 223.34950256347656 405.5776062011719 365.1231994628906
005284 0.1434764862060547 384.6378479003906 159.65745544433594 496.42474365234375 314.9012756347656
005284 0.10159874707460403 47.823020935058594 211.06004333496094 174.5017547607422 354.7515869140625
005525 0.21761579811573029 64.04729461669922 40.786922454833984 418.8560791015625 327.42236328125
005628 0.15347127616405487 58.58945846557617 47.67072296142578 445.8212890625 325.21673583984375
005798 0.10825996100902557 325.6520690917969 85.52384185791016 461.9385681152344 158.8815155029297
005804 0.1405448615550995 270.4588623046875 33.217071533203125 379.4361572265625 117.29837036132812
005804 0.13449355959892273 410.65252685546875 191.3896484375 520.5972290039062 360.7300720214844
005804 0.11043772846460342 178.1259307861328 118.24868774414062 332.5816955566406 238.587890625
005857 0.19567936658859253 112.61898803710938 151.02793884277344 261.2206115722656 346.7362060546875
005922 0.17831557989120483 265.04803466796875 222.1484832763672 383.2561950683594 362.7031555175781
005922 0.1715923547744751 68.3232650756836 234.42474365234375 284.40838623046875 363.67724609375
005922 0.15632010996341705 -1.4381520748138428 248.56951904296875 82.83023071289062 361.87530517578125
005922 0.13124428689479828 92.45632934570312 84.51229858398438 271.235107421875 303.78961181640625
005922 0.13114382326602936 51.612579345703125 234.13731384277344 182.895751953125 349.71075439453125
005922 0.11006706207990646 405.0212707519531 152.2379150390625 497.8351745605469 327.21722412109375
005922 0.1040467768907547 221.61253356933594 63.11525344848633 392.5318298339844 322.5650939941406
006049 0.1450168341398239 129.31936645507812 174.293212890625 247.38790893554688 327.3836975097656
006049 0.11032858490943909 62.628623962402344 147.6604766845703 190.36172485351562 375.66375732421875
006115 0.12330106645822525 133.26901245117188 105.70358276367188 362.8107604980469 289.7815246582031
006691 0.14880917966365814 169.05955505371094 138.55670166015625 338.7228088378906 327.2841796875
006700 0.14147783815860748 158.90611267089844 118.00093841552734 342.199462890625 260.10137939453125
006700 0.121837317943573 197.0183563232422 84.18804931640625 421.165283203125 291.6412048339844
006700 0.11889855563640594 154.04312133789062 218.61927795410156 365.8123474121094 354.717529296875
006700 0.10098039358854294 126.12649536132812 153.99322509765625 353.025146484375 312.0888366699219
006712 0.28435343503952026 67.63631439208984 209.85086059570312 260.7851867675781 400.31427001953125
006712 0.1050991490483284 102.16574096679688 311.2834167480469 238.85968017578125 459.90087890625
006776 0.214901864528656 119.8653793334961 58.30012512207031 215.68905639648438 225.6006622314453
006776 0.19706349074840546 240.9208526611328 227.6416473388672 429.0427551269531 362.1417541503906
006776 0.18988679349422455 60.19575500488281 235.4867401123047 287.1551513671875 364.36334228515625
006776 0.1868850141763687 210.1392059326172 81.64228820800781 405.7377624511719 312.3587341308594
006776 0.18265992403030396 254.05783081054688 39.30149459838867 397.0185241699219 222.7321319580078
006776 0.16834893822669983 78.74227905273438 76.2363052368164 292.67181396484375 310.0726623535156
006776 0.1388932764530182 150.52894592285156 111.87800598144531 344.69183349609375 255.0497589111328
006776 0.1051902174949646 111.41764068603516 143.28509521484375 257.5774841308594 333.46246337890625
006776 0.10454314202070236 128.70399475097656 150.5215606689453 348.3794250488281 307.4282531738281
007110 0.16169185936450958 51.15822219848633 75.20350646972656 177.02894592285156 198.4939727783203
007473 0.15719255805015564 221.9119110107422 321.2640380859375 361.5030517578125 471.4544982910156
007473 0.12509898841381073 102.81888580322266 98.82299041748047 211.19119262695312 270.8786315917969
007473 0.10447707027196884 164.5978546142578 121.19581604003906 369.7261657714844 380.1030578613281
007473 0.1034875139594078 75.0739974975586 114.66968536376953 253.4048309326172 398.7789306640625
007499 0.16549192368984222 92.31785583496094 75.58104705810547 408.5821838378906 307.3327331542969
007499 0.1603354662656784 115.23983001708984 260.1206970214844 252.88507080078125 347.1484069824219
007499 0.15590883791446686 217.92811584472656 52.616371154785156 455.4776611328125 330.8491516113281
007499 0.10706154257059097 243.72381591796875 236.63421630859375 411.7337951660156 351.7008972167969
007643 0.2535572350025177 53.738807678222656 75.95735931396484 302.23614501953125 438.76641845703125
007684 0.21383710205554962 122.9010009765625 103.70012664794922 377.5917663574219 279.6233215332031
008156 0.20508673787117004 53.1136589050293 75.01184844970703 209.15826416015625 322.6080017089844
008185 0.2379608005285263 27.813976287841797 182.02169799804688 304.32421875 430.8892822265625
008389 0.1825655847787857 142.66229248046875 109.17788696289062 369.850341796875 260.37921142578125
008389 0.13031204044818878 245.45388793945312 222.1890869140625 430.241943359375 365.6890563964844
008389 0.11726105213165283 61.609310150146484 230.94866943359375 281.81280517578125 364.2822265625
008389 0.11284089833498001 90.50070190429688 59.682254791259766 243.96788024902344 226.4534454345703
008457 0.2288747876882553 65.91283416748047 226.55718994140625 161.84048461914062 399.6898498535156
008457 0.19369696080684662 39.47682189941406 148.36424255371094 119.71310424804688 360.89691162109375
008547 0.4123060703277588 84.11426544189453 72.8836441040039 232.1502685546875 283.0447998046875
008547 0.13375279307365417 237.65245056152344 155.05918884277344 335.4053039550781 273.30340576171875
008547 0.11719853430986404 130.09837341308594 93.11576843261719 310.5821228027344 251.1770782470703
008686 0.13174857199192047 318.5702819824219 82.66452026367188 473.26202392578125 299.4188232421875
008850 0.21754054725170135 86.22191619873047 69.62921142578125 397.5165100097656 271.3768615722656
008850 0.10907518863677979 79.39604949951172 123.40142822265625 262.915283203125 301.8704528808594
008904 0.19546392560005188 45.80241394042969 66.99994659423828 287.1004638671875 439.73394775390625
008937 0.21744200587272644 395.8974609375 113.82884216308594 506.032470703125 318.76190185546875
009056 0.14844903349876404 195.919921875 116.63973236083984 301.3249816894531 203.86534118652344
009154 0.13794513046741486 262.0641174316406 23.876413345336914 381.0562438964844 119.6104507446289
009172 0.3027774691581726 149.3045654296875 152.27621459960938 327.223876953125 318.5628967285156
009172 0.22097839415073395 154.24392700195312 119.42462158203125 345.4815673828125 251.82362365722656
009172 0.21698281168937683 118.0864028930664 72.97112274169922 235.00856018066406 207.89797973632812
009172 0.16097882390022278 234.46185302734375 106.75377655029297 400.11431884765625 285.2532043457031
009172 0.14737887680530548 244.78302001953125 59.42789840698242 398.7878723144531 201.64788818359375
009172 0.14402201771736145 85.82635498046875 98.52293395996094 267.35894775390625 281.2893371582031
009172 0.1328018605709076 249.11492919921875 219.9447479248047 411.6495666503906 361.95703125
009172 0.10583513975143433 25.277027130126953 107.7286148071289 165.50172424316406 262.3888854980469
009581 0.18750205636024475 170.7357177734375 143.25181579589844 356.3698425292969 270.80029296875
009581 0.1604807823896408 178.36959838867188 98.34092712402344 341.10491943359375 234.84596252441406
009581 0.10853700339794159 303.9780578613281 90.09503936767578 473.3521423339844 257.4384765625
009602 0.16987398266792297 95.91494750976562 117.39546203613281 418.68218994140625 373.9621887207031
009630 0.11251192539930344 354.453369140625 100.88804626464844 426.54595947265625 174.35812377929688
009631 0.13151691854000092 62.30535888671875 70.54071807861328 160.4324493408203 173.74679565429688
009648 0.11746620386838913 202.79759216308594 17.532766342163086 280.63250732421875 185.21067810058594
009663 0.17861433327198029 182.40000915527344 131.0398406982422 332.5874328613281 240.8826141357422
009663 0.16847559809684753 111.02552032470703 87.05003356933594 239.0377197265625 192.0040283203125
009663 0.10280153155326843 264.043212890625 23.48151206970215 387.9773864746094 139.353271484375
009925 0.2241678684949875 116.59418487548828 75.40702819824219 389.78912353515625 275.3202209472656
009928 0.15652154386043549 75.48497772216797 86.14558410644531 285.9598693847656 440.6152648925781
