000386 0.11874412000179291 280.543701171875 149.72781372070312 391.1526184082031 225.360107421875
000432 0.18190093338489532 201.12770080566406 149.91128540039062 321.19677734375 246.37379455566406
000432 0.17487101256847382 190.31271362304688 185.35491943359375 322.8086242675781 278.87017822265625
000432 0.1744263917207718 255.36903381347656 173.4715118408203 393.74951171875 288.98419189453125
000432 0.1700059026479721 267.6222839355469 147.62803649902344 371.22381591796875 245.43382263183594
000475 0.6206780076026917 222.5954132080078 172.8565216064453 317.14990234375 231.85289001464844
000475 0.4780329167842865 184.6131134033203 147.27377319335938 283.2640075683594 243.7679443359375
000475 0.4089786112308502 272.7889404296875 145.39952087402344 379.2010192871094 237.8506622314453
000574 0.47665971517562866 157.0507354736328 183.50311279296875 363.2000427246094 336.16815185546875
000574 0.11490033566951752 232.86647033691406 181.1005096435547 407.6158447265625 351.08819580078125
000596 0.33488720655441284 95.2027359008789 290.56268310546875 141.0837860107422 324.8525390625
000725 0.26214298605918884 226.5201416015625 150.29806518554688 284.5173645019531 199.4270477294922
000725 0.22681249678134918 153.08302307128906 155.249267578125 204.95147705078125 216.3438262939453
000725 0.19406352937221527 289.13531494140625 151.33261108398438 344.2524719238281 205.2879638671875
000725 0.18865658342838287 79.44677734375 151.930419921875 142.3614959716797 205.73239135742188
000789 0.8736858367919922 215.42576599121094 177.490966796875 295.27996826171875 222.21852111816406
000789 0.7326481342315674 185.7281494140625 157.79449462890625 273.69268798828125 234.313232421875
000789 0.7028947472572327 311.60284423828125 158.622314453125 365.4451599121094 203.9855194091797
000789 0.1369030922651291 144.369384765625 151.9397735595703 209.3634033203125 238.15472412109375
000789 0.12340366840362549 281.82928466796875 160.161376953125 334.71649169921875 222.9040985107422
000875 0.2782571017742157 289.7408142089844 160.6085662841797 353.6121826171875 205.01792907714844
000875 0.1269984394311905 205.31106567382812 157.01144409179688 301.8807678222656 210.74107360839844
000992 0.24244379997253418 357.7500915527344 203.64894104003906 449.2879638671875 279.1025695800781
000992 0.11096081137657166 59.64599609375 192.41383361816406 154.48556518554688 272.41607666015625
000992 0.1088762879371643 124.23855590820312 191.71226501464844 234.05123901367188 278.3047790527344
000992 0.10632320493459702 126.09446716308594 158.27711486816406 215.76974487304688 242.04893493652344
001100 0.11997829377651215 192.3434600830078 147.58169555664062 309.64971923828125 246.7397918701172
001120 0.5594556927680969 208.20730590820312 184.55209350585938 316.91973876953125 218.55331420898438
001120 0.4351019859313965 154.9424285888672 153.70347595214844 214.4424285888672 189.0052947998047
001120 0.3150329291820526 92.28547668457031 157.43453979492188 140.67481994628906 184.7796630859375
001120 0.27270790934562683 192.31703186035156 193.2490997314453 293.4976501464844 220.7252960205078
001120 0.27015259861946106 293.0117492675781 172.0255889892578 380.89959716796875 235.16287231445312
001477 0.4619256258010864 12.777373313903809 56.81386184692383 453.6634216308594 350.3049011230469
001635 0.2136211395263672 91.69962310791016 139.36837768554688 148.84649658203125 180.8264923095703
001635 0.1573985517024994 141.15122985839844 150.00401306152344 193.32363891601562 195.20468139648438
001716 0.12104059010744095 133.59925842285156 142.97579956054688 350.5433349609375 248.8410186767578
001764 0.2081623673439026 218.30552673339844 120.66317749023438 279.6884460449219 145.8224639892578
001764 0.13790424168109894 205.8119354248047 87.69466400146484 312.2596435546875 187.541259765625
001852 0.270028293132782 67.28204345703125 59.60000228881836 455.3113708496094 345.8947448730469
001917 0.31288963556289673 180.24728393554688 155.56056213378906 310.60931396484375 235.18797302246094
001917 0.20920583605766296 266.1860656738281 156.71498107910156 390.5218505859375 236.47689819335938
001917 0.1001904085278511 171.45748901367188 188.97067260742188 324.5019226074219 310.5086975097656
001974 0.28062963485717773 283.9694519042969 162.9811248779297 346.5776062011719 228.90830993652344
001974 0.16894742846488953 197.76315307617188 163.0003204345703 323.4514465332031 232.62403869628906
001974 0.12343243509531021 134.96253967285156 163.38645935058594 204.95809936523438 241.01043701171875
002033 0.19054140150547028 234.25119018554688 72.40030670166016 429.8968200683594 269.6814270019531
002137 0.6214725971221924 202.98768615722656 228.8140106201172 310.21270751953125 418.0950622558594
002137 0.5044974088668823 103.39783477783203 237.02711486816406 260.5521240234375 417.17596435546875
002137 0.5006629228591919 94.94955444335938 141.6837615966797 188.03182983398438 385.76239013671875
002137 0.47132375836372375 257.92230224609375 265.48828125 350.29888916015625 407.74609375
002137 0.24129123985767365 187.55123901367188 246.80874633789062 265.9518127441406 400.5564880371094
002137 0.2274184226989746 109.48699951171875 199.95550537109375 172.9055938720703 341.8309326171875
002326 0.15766538679599762 304.96612548828125 105.00802612304688 361.7807922363281 154.97137451171875
002338 0.13290829956531525 257.5417785644531 123.53790283203125 410.87200927734375 232.73170471191406
002338 0.11662522703409195 195.62698364257812 108.88158416748047 287.5896301269531 181.05661010742188
002789 0.2672385573387146 352.5700988769531 162.22203063964844 435.6130676269531 220.3199005126953
002789 0.19082564115524292 193.31228637695312 162.34652709960938 285.9211730957031 221.56466674804688
002789 0.1803366094827652 204.08444213867188 125.939208984375 292.279296875 202.31695556640625
002789 0.1713823527097702 355.2066955566406 131.92562866210938 437.9452819824219 197.91122436523438
002789 0.16244132816791534 119.13983917236328 145.4513702392578 232.93743896484375 197.90530395507812
002789 0.15442055463790894 42.39365768432617 121.57141876220703 162.77406311035156 208.75369262695312
002789 0.12125536054372787 55.949058532714844 157.3909149169922 161.03065490722656 234.05242919921875
002789 0.11540575325489044 420.772216796875 158.86447143554688 489.44256591796875 232.3469696044922
002818 0.2625298500061035 144.2184600830078 210.18603515625 213.93873596191406 276.07159423828125
002818 0.24011899530887604 193.24832153320312 198.14447021484375 316.9378967285156 293.1773986816406
002818 0.19878004491329193 86.21858978271484 222.62539672851562 138.52603149414062 268.8070373535156
002882 0.418906569480896 368.7411804199219 288.2038269042969 397.26885986328125 310.4873962402344
003025 0.410888135433197 213.7610626220703 134.7219696044922 402.3572082519531 355.3780212402344
003025 0.1189781203866005 83.0875015258789 117.89424133300781 309.962890625 367.7840576171875
003190 0.20510652661323547 157.86923217773438 61.39794158935547 268.2819519042969 448.101318359375
003190 0.10458355396986008 96.58340454101562 166.07022094726562 272.12481689453125 466.593505859375
003361 0.1277853399515152 181.07203674316406 210.11351013183594 327.38671875 299.5472412109375
003366 0.3239678144454956 139.61024475097656 161.93807983398438 247.73782348632812 246.8416290283203
003366 0.20985253155231476 62.16223907470703 197.0259552001953 143.31497192382812 274.21014404296875
003366 0.20904739201068878 273.644775390625 178.15159606933594 359.1551818847656 231.15518188476562
003366 0.19487765431404114 191.73446655273438 196.40646362304688 305.3858642578125 267.3158874511719
003366 0.1832941323518753 295.04010009765625 200.3341064453125 375.4522705078125 271.27716064453125
003366 0.1817217320203781 158.243896484375 203.35752868652344 236.22096252441406 265.3953552246094
003366 0.1695316880941391 333.3122863769531 198.84983825683594 436.38165283203125 255.13844299316406
003366 0.12929289042949677 84.8572006225586 164.61474609375 143.0724334716797 236.2594451904297
003366 0.10811630636453629 345.3492736816406 166.48988342285156 419.37957763671875 218.54879760742188
003595 0.13871274888515472 322.24066162109375 234.25765991210938 459.21484375 351.1715087890625
003633 0.23211678862571716 72.69559478759766 165.10415649414062 153.73890686035156 247.47608947753906
003633 0.13321112096309662 187.55535888671875 139.63339233398438 318.2613525390625 212.89398193359375
003633 0.10998492687940598 331.9978332519531 136.4990692138672 438.9449462890625 201.57301330566406
003914 0.6108361482620239 294.1318664550781 117.32952117919922 367.0348205566406 183.12225341796875
003914 0.3752659261226654 346.1387023925781 118.48326873779297 452.7236633300781 185.63522338867188
003914 0.2615593373775482 192.00233459472656 122.38926696777344 327.5354919433594 192.27066040039062
003914 0.25418880581855774 115.97004699707031 153.31838989257812 257.7292785644531 227.1107635498047
003914 0.206491157412529 153.00125122070312 158.02015686035156 313.6014404296875 232.79647827148438
003914 0.15489491820335388 31.33323097229004 153.87350463867188 182.3207244873047 239.7353515625
003914 0.14327363669872284 357.4530029296875 88.3770523071289 425.02545166015625 138.628662109375
003914 0.14048723876476288 427.88604736328125 138.8471221923828 480.5194396972656 232.1333465576172
003914 0.1294146180152893 309.46820068359375 132.84564208984375 432.17034912109375 179.79306030273438
003955 0.10116386413574219 258.5286865234375 179.8689422607422 398.59930419921875 330.1283264160156
004022 0.19879873096942902 36.53422164916992 173.5773162841797 169.72210693359375 292.66021728515625
004022 0.1143418475985527 103.46991729736328 168.42237854003906 237.31956481933594 289.6172180175781
004218 0.17152315378189087 77.62936401367188 168.3760528564453 145.59548950195312 225.4590606689453
004218 0.15903949737548828 200.22987365722656 153.6045684814453 285.42120361328125 219.26870727539062
004332 0.1135018914937973 229.7731170654297 345.23046875 296.3165588378906 436.6940612792969
004522 0.17237083613872528 199.26922607421875 185.1386260986328 331.6546325683594 299.6520080566406
004617 0.2891708016395569 134.2794952392578 129.61607360839844 240.1088104248047 237.3944549560547
004617 0.26642829179763794 279.5332336425781 135.9460906982422 379.08209228515625 219.1844940185547
004617 0.2515444755554199 290.81072998046875 168.4964141845703 376.42596435546875 254.72267150878906
004617 0.19242039322853088 58.540733337402344 179.4813690185547 163.9251708984375 262.36199951171875
004617 0.1812615543603897 131.40895080566406 169.1435546875 266.58203125 256.69464111328125
004617 0.14558067917823792 319.9125061035156 174.2390899658203 448.6387634277344 260.2425537109375
004617 0.10118499398231506 341.5538635253906 147.15164184570312 442.7484130859375 204.2036895751953
004827 0.26737311482429504 59.7668571472168 202.26617431640625 264.6419982910156 471.4771728515625
004854 0.4163757562637329 134.1221923828125 189.79928588867188 357.63507080078125 302.5326843261719
004854 0.1251208484172821 110.5289077758789 130.66746520996094 254.00965881347656 258.6629943847656
004980 0.8347707390785217 84.74011993408203 193.3456573486328 109.83735656738281 208.0623321533203
004980 0.7687923908233643 339.201904296875 197.5689697265625 357.7953796386719 215.45106506347656
004980 0.5573707818984985 383.18017578125 208.12911987304688 418.30694580078125 223.22406005859375
004980 0.47569453716278076 168.80520629882812 172.9156036376953 206.70420837402344 199.02618408203125
004980 0.3502333462238312 218.7466583251953 187.03854370117188 284.7508850097656 216.19203186035156
004980 0.2911354601383209 439.4366455078125 195.39105224609375 455.5390319824219 223.5222930908203
004980 0.2338322252035141 177.73451232910156 187.84152221679688 207.44004821777344 221.20921325683594
004980 0.22607147693634033 312.40545654296875 169.2584991455078 333.455810546875 190.5332489013672
004980 0.19775816798210144 28.426036834716797 196.50656127929688 55.822532653808594 220.15170288085938
004980 0.157555490732193 98.0463638305664 191.01876831054688 133.57174682617188 219.6009063720703
004980 0.11458143591880798 372.9224548339844 172.15371704101562 412.1619873046875 190.8495330810547
005017 0.11619636416435242 315.3280334472656 210.98104858398438 363.8589172363281 267.4561767578125
005147 0.10972494632005692 189.33981323242188 119.61750793457031 285.925537109375 157.90847778320312
005164 0.2747918963432312 252.18637084960938 140.99652099609375 396.2991943359375 257.3110656738281
005324 0.28645917773246765 326.502685546875 246.3196563720703 459.2479553222656 357.91046142578125
005324 0.22834117710590363 274.53253173828125 173.00302124023438 393.92095947265625 310.56317138671875
005324 0.21293087303638458 80.1936264038086 179.9215850830078 243.31822204589844 296.304931640625
005324 0.1473536640405655 56.514434814453125 175.31321716308594 158.9552764892578 297.0843811035156
005335 0.15099528431892395 172.09141540527344 182.59840393066406 353.1073913574219 299.69586181640625
005335 0.1289052516222 275.8861389160156 209.52999877929688 395.32391357421875 294.5552673339844
005711 0.1250125616788864 147.80274963378906 175.64678955078125 348.7236022949219 294.8650817871094
005711 0.1177838146686554 296.4725036621094 150.78408813476562 380.5946044921875 220.09068298339844
005892 0.10161817073822021 146.18264770507812 108.23310852050781 229.24264526367188 142.3704071044922
006173 0.118194580078125 358.3526916503906 245.50938415527344 425.9327697753906 290.37255859375
006217 0.41016221046447754 85.85279846191406 190.70155334472656 249.86619567871094 452.8970031738281
006217 0.18725837767124176 171.76927185058594 216.9788360595703 280.98187255859375 442.41766357421875
006217 0.18056748807430267 13.12532901763916 216.0028839111328 119.4777603149414 433.93096923828125
006478 0.5505110025405884 161.62307739257812 195.7617950439453 183.97898864746094 215.26612854003906
006478 0.5267399549484253 87.90544128417969 177.09756469726562 142.9833221435547 208.71791076660156
006478 0.5145367383956909 302.6022644042969 184.37709045410156 332.8563232421875 211.0337371826172
006478 0.2079683244228363 225.83856201171875 177.9888916015625 279.52215576171875 215.2327423095703
006478 0.17240658402442932 350.6580810546875 191.4461212158203 419.8883056640625 251.2150421142578
006478 0.16095837950706482 211.1624755859375 200.91322326660156 298.9956359863281 253.79238891601562
006478 0.15481923520565033 30.222436904907227 181.0028076171875 54.21388626098633 207.28016662597656
006478 0.12179722636938095 18.06865882873535 191.50454711914062 56.59274673461914 257.4564208984375
006478 0.10278904438018799 170.24073791503906 193.14077758789062 210.24176025390625 212.20127868652344
006557 0.1860416680574417 238.12738037109375 121.53924560546875 396.59979248046875 272.9520568847656
007076 0.36548638343811035 132.74745178222656 98.5298080444336 339.9434814453125 261.3278503417969
007380 0.14183661341667175 204.59034729003906 191.71774291992188 320.8565673828125 280.5006408691406
007554 0.3042044937610626 301.7017822265625 155.9542694091797 346.8482666015625 207.08203125
007554 0.22568996250629425 4.134651184082031 185.90235900878906 77.93704223632812 247.4119873046875
007554 0.2218271791934967 430.4097900390625 168.42698669433594 483.1771240234375 257.98773193359375
007554 0.21989838778972626 300.7080078125 170.72511291503906 355.5111389160156 241.3824920654297
007554 0.1808769255876541 131.86819458007812 153.13011169433594 224.7703857421875 211.64022827148438
007554 0.15872885286808014 70.85488891601562 170.14273071289062 134.11602783203125 245.92721557617188
007554 0.12604698538780212 146.41708374023438 164.67063903808594 247.4891357421875 240.29226684570312
007554 0.10972321778535843 358.53399658203125 183.48977661132812 420.3258972167969 231.5810089111328
007596 0.3121948838233948 284.8678283691406 84.15873718261719 389.7593688964844 181.8195037841797
007596 0.23690463602542877 94.22205352783203 81.10946655273438 255.5695343017578 184.25238037109375
007596 0.162830650806427 334.0794677734375 85.58714294433594 454.68511962890625 182.4090118408203
007596 0.1606927514076233 107.94935607910156 64.2501220703125 241.9434051513672 147.05398559570312
007596 0.15389961004257202 294.4053649902344 76.6301040649414 376.2007141113281 140.71627807617188
007596 0.13821834325790405 201.68759155273438 67.60615539550781 284.48040771484375 151.2345733642578
007741 0.19087103009223938 298.377685546875 164.07098388671875 369.1120910644531 209.24288940429688
007741 0.1892707198858261 43.85888671875 197.4947509765625 185.05271911621094 277.9757080078125
007741 0.16677644848823547 66.18087005615234 144.61036682128906 151.46090698242188 216.8576202392578
007741 0.15512362122535706 273.9183654785156 119.49925231933594 353.3994140625 159.4392852783203
007741 0.11460444331169128 67.05540466308594 97.77471923828125 156.510498046875 159.23269653320312
007741 0.11077135056257248 358.0756530761719 118.97055053710938 418.5720520019531 150.21884155273438
007741 0.11014944314956665 213.65817260742188 172.35899353027344 288.26348876953125 210.3381805419922
007894 0.4324166476726532 103.78889465332031 142.31439208984375 395.7855224609375 347.52117919921875
007894 0.15102367103099823 268.990478515625 132.52944946289062 397.5643005371094 227.5394287109375
007894 0.14722713828086853 22.50285530090332 159.65261840820312 186.1744842529297 308.6802673339844
008187 0.15350501239299774 235.69668579101562 70.1283950805664 426.5960388183594 266.4292297363281
008192 0.28047996759414673 264.4315185546875 136.90789794921875 393.4552307128906 249.8572998046875
008192 0.213589608669281 121.86888885498047 98.25514221191406 252.07217407226562 279.4959716796875
008192 0.1383700668811798 154.88307189941406 176.07022094726562 359.84893798828125 303.8930969238281
008334 0.1372690051794052 197.59295654296875 83.29047393798828 297.24542236328125 133.7469024658203
008334 0.11876387894153595 151.35989379882812 85.30351257324219 330.8140869140625 171.56561279296875
008344 0.2265237420797348 351.7059020996094 236.16673278808594 401.6598205566406 269.2637634277344
008344 0.15402384102344513 258.57470703125 143.06878662109375 418.0740051269531 287.6133117675781
008501 0.18513979017734528 144.61695861816406 297.3022155761719 186.29489135742188 350.97406005859375
008501 0.12456405907869339 75.5002212524414 221.1713104248047 165.04676818847656 324.3426818847656
008863 0.3177978992462158 318.87042236328125 189.8130340576172 352.1088562011719 265.599365234375
008863 0.10858405381441116 293.2408752441406 183.39022827148438 330.2388916015625 261.3531494140625
008912 0.45761406421661377 303.3617248535156 174.69631958007812 359.13055419921875 232.77012634277344
008912 0.4116959869861603 165.97396850585938 174.66856384277344 324.8956604003906 260.79071044921875
008912 0.30137500166893005 356.669921875 176.57203674316406 417.9096984863281 232.21475219726562
008912 0.21029441058635712 94.07398223876953 154.14187622070312 262.1150817871094 284.109619140625
008912 0.11433769017457962 53.27787780761719 181.98480224609375 167.45558166503906 305.96258544921875
009169 0.224053755402565 281.5768127441406 110.05783081054688 379.4248962402344 176.19712829589844
009169 0.21768271923065186 276.8471984863281 133.2162322998047 401.0914611816406 213.07537841796875
009169 0.1628693789243698 132.44166564941406 96.77711486816406 341.2823791503906 275.2311706542969
009451 0.1975046992301941 156.01416015625 126.4674072265625 357.77337646484375 286.8003845214844
009451 0.11978282034397125 177.9644012451172 153.1929931640625 441.38433837890625 351.53436279296875
009818 0.28430473804473877 267.8680725097656 174.34130859375 348.0002746582031 223.71853637695312
009818 0.28082072734832764 66.75386810302734 172.5215606689453 149.09396362304688 228.06072998046875
009818 0.2585488557815552 288.04034423828125 201.637451171875 376.01336669921875 266.3270263671875
009818 0.23147882521152496 47.47079086303711 196.0813751220703 153.9398956298828 269.6080322265625
009818 0.2222139984369278 207.10743713378906 169.63388061523438 308.4755859375 222.93553161621094
009818 0.216264545917511 187.06912231445312 192.08456420898438 326.14202880859375 265.0657958984375
009818 0.2002166360616684 143.2930908203125 172.4164276123047 238.9118194580078 229.04443359375
009818 0.1569199413061142 1.9701086282730103 196.37525939941406 71.10968780517578 264.4264221191406
009818 0.10582901537418365 322.61358642578125 196.93185424804688 442.08367919921875 262.54022216796875
009861 0.14378991723060608 108.26548767089844 97.00824737548828 372.7597351074219 283.19720458984375
009889 0.1547137051820755 267.1698303222656 131.1942901611328 362.12744140625 258.971923828125
009889 0.11535277962684631 210.5210723876953 144.9267578125 318.50390625 255.91664123535156
009889 0.10767312347888947 129.53013610839844 153.2538299560547 249.78765869140625 255.8616943359375
009909 0.2739829421043396 259.2339172363281 132.85281372070312 397.30010986328125 254.5400390625
