000097 0.16904254257678986 105.54240417480469 199.1443634033203 389.5384826660156 365.5328369140625
000097 0.11704693734645844 99.07197570800781 170.22967529296875 254.93321228027344 311.5531311035156
000098 0.1292729526758194 50.776512145996094 56.153099060058594 307.96820068359375 203.0371856689453
000108 0.1010308712720871 51.523048400878906 124.27033996582031 446.1223449707031 334.1636657714844
000116 0.12534797191619873 63.20856857299805 142.4641876220703 300.888916015625 359.1428527832031
000157 0.20567449927330017 76.00245666503906 73.21375274658203 321.0322265625 199.22903442382812
000277 0.34381330013275146 66.8664321899414 112.14492797851562 434.050537109375 283.6604309082031
000384 0.1778939962387085 30.26904296875 47.900630950927734 456.8883972167969 300.2781066894531
000603 0.19179034233093262 84.22771453857422 214.43582153320312 399.1539611816406 353.401611328125
000662 0.30041635036468506 59.05779266357422 82.77911376953125 427.73956298828125 223.6544952392578
000798 0.36467239260673523 49.039424896240234 101.51468658447266 428.224609375 328.3064270019531
000840 0.12244081497192383 125.3247299194336 207.93405151367188 378.53045654296875 365.1525573730469
000840 0.10527548938989639 327.03985595703125 236.71861267089844 465.2843017578125 357.4118957519531
001025 0.18205201625823975 29.769123077392578 55.319175720214844 334.20147705078125 422.5022888183594
001081 0.10953313857316971 414.5197448730469 224.25796508789062 506.9552307128906 357.7239685058594
001197 0.47584789991378784 27.867229461669922 27.48776626586914 474.984619140625 305.7910461425781
001276 0.21491584181785583 166.3556365966797 110.8187484741211 335.6442565917969 275.5406799316406
001391 0.1211995780467987 94.40461730957031 207.1792449951172 396.6576232910156 356.2022399902344
001461 0.1865210086107254 121.14838409423828 157.9638214111328 400.7395324707031 326.7392578125
001779 0.19383417069911957 67.36616516113281 192.69091796875 435.6990661621094 366.0477600097656
001813 0.15866395831108093 132.27200317382812 126.22669982910156 362.0718688964844 244.57363891601562
001879 0.12430336326360703 86.31487274169922 288.7755432128906 297.77337646484375 460.76055908203125
001961 0.13364852964878082 117.83348083496094 242.00009155273438 378.321044921875 349.0054016113281
001968 0.10439037531614304 79.29273223876953 81.1700210571289 407.3282775878906 285.287353515625
002426 0.2900964021682739 129.23065185546875 99.1292953491211 364.4208679199219 284.82525634765625
002489 0.15003877878189087 69.56736755371094 68.02640533447266 436.1852111816406 232.33607482910156
002617 0.1206575259566307 22.55936050415039 172.5894775390625 178.4934844970703 319.8761901855469
002654 0.19741427898406982 127.32957458496094 230.93276977539062 391.0377197265625 351.2948913574219
002673 0.1472095102071762 46.0346794128418 109.04356384277344 439.5997009277344 353.2145690917969
002885 0.10633683204650879 80.0440673828125 68.56498718261719 425.29541015625 319.76806640625
003029 0.10922718793153763 108.63872528076172 127.77888488769531 392.4075927734375 327.8597412109375
003040 0.14804014563560486 58.52477264404297 38.6367301940918 424.4791564941406 334.6822814941406
003099 0.20321300625801086 76.99919128417969 27.846359252929688 431.2154235839844 336.8162841796875
003297 0.2055922895669937 81.92341613769531 135.08702087402344 291.3314208984375 339.8418884277344
003317 0.16346073150634766 42.47643280029297 60.53282165527344 430.4964599609375 335.5371398925781
003442 0.10320942103862762 147.32122802734375 116.0389404296875 351.52783203125 236.19754028320312
003472 0.12985509634017944 328.3736572265625 161.1272430419922 468.0849609375 328.18634033203125
003544 0.1760198473930359 148.3380889892578 230.77279663085938 349.1236572265625 363.04461669921875
003702 0.20688080787658691 110.89347076416016 117.06092834472656 403.3938903808594 249.24984741210938
003728 0.10791460424661636 41.80950164794922 90.82640838623047 438.9770202636719 354.2749328613281
003742 0.20935535430908203 30.32478141784668 128.3323516845703 201.0546112060547 293.5015563964844
003744 0.1512146145105362 74.69306945800781 117.04761505126953 423.8634338378906 286.9650573730469
003853 0.22564902901649475 27.249597549438477 146.97605895996094 185.1560516357422 239.2296600341797
003944 0.11905119568109512 101.48603057861328 143.1209259033203 367.84442138671875 342.1449279785156
004096 0.16210858523845673 45.28315734863281 34.020362854003906 462.2001037597656 244.03558349609375
004139 0.11273816227912903 41.25663757324219 52.29448318481445 469.24017333984375 334.900146484375
004180 0.14180129766464233 161.00799560546875 141.95668029785156 335.52392578125 224.72386169433594
004385 0.2645742893218994 31.215757369995117 26.506959915161133 477.1319580078125 340.728515625
004501 0.18255475163459778 99.22444915771484 137.62586975097656 406.3332214355469 352.8104248046875
004567 0.10844811797142029 122.99915313720703 222.23916625976562 378.614013671875 370.05853271484375
004659 0.10915084183216095 109.28495788574219 225.20803833007812 396.955322265625 347.2787780761719
004813 0.136296346783638 157.43954467773438 169.83001708984375 337.0489501953125 316.8931579589844
005082 0.11071587353944778 109.78462219238281 203.53265380859375 388.0284423828125 343.4254150390625
005117 0.10063525289297104 37.467899322509766 173.7060546875 323.4512939453125 498.11309814453125
005118 0.11274687945842743 58.66061019897461 39.92921829223633 422.3501281738281 331.9226989746094
005221 0.13926076889038086 53.93427658081055 91.75662994384766 452.81768798828125 297.52130126953125
005225 0.16166150569915771 26.654273986816406 76.20220947265625 456.1193542480469 376.1229553222656
005353 0.15392835438251495 90.49256896972656 88.51725006103516 419.9695129394531 256.85772705078125
005498 0.19725657999515533 87.01580810546875 217.094970703125 407.11724853515625 349.98321533203125
005498 0.1385803520679474 122.33625793457031 176.06166076660156 369.4936218261719 307.37640380859375
005498 0.11473299562931061 187.1249237060547 143.06736755371094 306.91802978515625 240.84536743164062
005551 0.11104393005371094 108.26628112792969 218.26507568359375 395.9371337890625 357.90069580078125
005684 0.11148035526275635 71.6087875366211 173.06744384765625 239.65362548828125 350.0773620605469
005727 0.1028980165719986 109.58425903320312 212.04310607910156 390.1233215332031 345.78497314453125
005767 0.13300301134586334 78.57820892333984 162.7188262939453 256.496826171875 317.42694091796875
005767 0.1087564155459404 168.78564453125 119.49075317382812 336.2925720214844 243.53970336914062
005801 0.19530044496059418 80.7853775024414 52.34157943725586 450.3861389160156 295.9962463378906
005804 0.13525840640068054 275.9994201660156 186.86573791503906 487.1442565917969 357.5860900878906
005934 0.28992757201194763 31.210840225219727 30.16147232055664 486.14105224609375 342.6918029785156
005939 0.11955814808607101 86.7796401977539 43.43232727050781 420.3178405761719 349.279296875
006031 0.10297922790050507 64.09510803222656 115.69964599609375 452.74554443359375 277.2027282714844
006147 0.19856221973896027 91.3011703491211 217.142578125 421.9418029785156 362.41497802734375
006257 0.1649252325296402 153.13418579101562 135.62940979003906 340.6948547363281 242.9054718017578
006287 0.1078866571187973 132.71693420410156 212.11361694335938 374.06982421875 360.10333251953125
006571 0.12101373821496964 19.20008659362793 13.480246543884277 480.53900146484375 363.9472961425781
006630 0.14513848721981049 150.92433166503906 113.56875610351562 371.9351501464844 235.3318634033203
006764 0.31149524450302124 89.29046630859375 158.3848114013672 401.9971008300781 336.052001953125
006795 0.11498954147100449 167.97828674316406 210.481689453125 332.0834655761719 300.48895263671875
006923 0.10160896182060242 171.36558532714844 109.19831085205078 349.8533935546875 248.9586639404297
006998 0.1432143747806549 11.94290828704834 11.003884315490723 476.0006408691406 321.86383056640625
007032 0.15490436553955078 66.3968734741211 122.53508758544922 406.56561279296875 358.23046875
007116 0.385741651058197 25.15403938293457 31.38128089904785 478.4235534667969 309.28021240234375
007183 0.13913415372371674 63.6481819152832 128.4108123779297 421.9964599609375 355.18170166015625
007192 0.12722256779670715 32.28266525268555 58.65913391113281 454.0079345703125 305.9841003417969
007287 0.28052404522895813 35.961063385009766 44.9901123046875 473.3316650390625 335.9139099121094
007319 0.2538606822490692 41.429447174072266 152.4361114501953 315.756591796875 455.9309997558594
007353 0.24229122698307037 92.56271362304688 194.8565216064453 421.00445556640625 366.0537414550781
007440 0.10261846333742142 85.36991119384766 108.2698974609375 404.78326416015625 292.5195617675781
007747 0.13813740015029907 136.37265014648438 219.249755859375 366.96185302734375 358.5284423828125
008045 0.15472115576267242 46.04238510131836 65.07908630371094 451.0898132324219 328.20745849609375
008114 0.22212618589401245 114.97816467285156 218.73583984375 378.34649658203125 350.3226318359375
008178 0.2735365331172943 50.102577209472656 38.14411926269531 454.1947021484375 338.1543884277344
008380 0.13059799373149872 106.58805084228516 141.03086853027344 380.3226013183594 289.19189453125
008486 0.23266953229904175 23.84470558166504 310.9268493652344 135.88409423828125 472.7352600097656
008486 0.10069376975297928 97.18026733398438 293.3674011230469 274.8277282714844 470.340576171875
008510 0.5190883874893188 59.339168548583984 95.43732452392578 460.8778991699219 294.0283203125
008614 0.14447559416294098 146.0361328125 167.78814697265625 374.25506591796875 279.7945861816406
008779 0.15798114240169525 78.15939331054688 143.41983032226562 423.95379638671875 338.1032409667969
008834 0.12862619757652283 70.4411849975586 122.42153930664062 440.75830078125 362.0092468261719
008844 0.1669209897518158 52.993377685546875 159.45594787597656 330.0094909667969 456.1773986816406
008947 0.14439083635807037 154.25108337402344 233.6876220703125 355.2507019042969 341.4188232421875
008990 0.13329169154167175 19.637012481689453 124.17994689941406 260.4854431152344 475.21038818359375
009056 0.16919739544391632 144.13795471191406 201.1391143798828 364.2427673339844 314.03228759765625
009118 0.10447411239147186 145.0808868408203 135.30667114257812 335.0023193359375 252.30955505371094
009363 0.2279675453901291 26.989303588867188 114.35890197753906 351.447265625 488.09173583984375
009435 0.17476165294647217 182.6393585205078 124.76023864746094 321.8168029785156 218.9661102294922
009554 0.12717662751674652 118.95677185058594 166.25816345214844 399.5768737792969 308.9258117675781
009846 0.17189429700374603 134.48504638671875 118.11461639404297 384.5352783203125 249.834716796875
009846 0.115397609770298 74.2978286743164 170.6655731201172 426.0523986816406 327.7220153808594
