000002 0.45665162801742554 114.69232177734375 153.6815185546875 216.8367919921875 345.3650817871094
000031 0.45336782932281494 50.442161560058594 57.60514450073242 466.0430908203125 282.0252685546875
000088 0.4087528586387634 63.83496856689453 36.20473861694336 425.38092041015625 350.08953857421875
000100 0.1325078159570694 55.43199157714844 65.77189636230469 374.0392761230469 199.9615020751953
000145 0.19952556490898132 49.855262756347656 61.09055709838867 452.0341491699219 304.1693115234375
000223 0.546500027179718 113.41365814208984 44.9947624206543 378.6518249511719 285.9000549316406
000238 0.11073020100593567 102.03829956054688 110.93193054199219 384.2388916015625 270.5602111816406
000253 0.35381218791007996 74.71653747558594 74.79949188232422 401.80108642578125 256.4524230957031
000281 0.5438829064369202 99.76701354980469 85.38229370117188 411.7087097167969 251.6862335205078
000333 0.12556859850883484 144.8605499267578 149.54461669921875 374.5603942871094 266.57879638671875
000333 0.12340503931045532 174.6238555908203 86.27970886230469 441.8800048828125 238.9700927734375
000441 0.3587544560432434 159.0408172607422 92.73750305175781 343.5313720703125 235.7237091064453
000481 0.5475360155105591 105.25447082519531 94.33087921142578 376.24517822265625 253.46551513671875
000481 0.12076348066329956 253.06690979003906 122.91522216796875 390.076171875 224.10601806640625
000511 0.11222566664218903 73.05017852783203 96.52264404296875 298.7801208496094 245.13645935058594
000538 0.10202638804912567 116.4612045288086 88.50428771972656 380.08087158203125 255.82571411132812
000553 0.13749882578849792 86.50094604492188 75.67060089111328 417.3010559082031 307.2947082519531
000556 0.20234468579292297 55.514068603515625 58.47452926635742 449.9236755371094 284.1243896484375
000629 0.2996218800544739 39.24101638793945 54.1757698059082 461.12872314453125 178.83682250976562
000678 0.26795682311058044 165.04739379882812 131.4883575439453 327.8138122558594 214.98793029785156
000732 0.12320148199796677 57.608943939208984 129.37335205078125 284.916748046875 397.15496826171875
000735 0.21454831957817078 69.99214172363281 49.254817962646484 428.9220275878906 252.888916015625
000743 0.5161996483802795 65.16053009033203 37.372894287109375 451.4901123046875 334.5418395996094
000824 0.12496095895767212 157.451904296875 95.03718566894531 343.2058410644531 262.9516296386719
000824 0.10613406449556351 70.94905090332031 95.36699676513672 285.48992919921875 287.1103210449219
000835 0.461857408285141 150.33856201171875 93.96340942382812 362.8839111328125 246.95501708984375
000914 0.10508749634027481 69.6431884765625 152.3098602294922 301.6499328613281 370.65399169921875
000942 0.8064752817153931 148.65345764160156 94.66098022460938 354.9394836425781 242.2908935546875
000942 0.20309603214263916 253.3149871826172 123.46272277832031 376.57965087890625 211.07823181152344
000942 0.11742068082094193 52.8506965637207 122.99223327636719 324.5390625 194.37252807617188
000942 0.10397632420063019 14.872589111328125 129.0050506591797 176.44012451171875 224.64222717285156
000984 0.16145165264606476 55.8452033996582 86.85762023925781 270.8621520996094 431.6689147949219
001030 0.5167964100837708 136.34727478027344 90.95259094238281 374.5715026855469 221.73045349121094
001094 0.33916300535202026 164.79971313476562 134.9137420654297 346.2168273925781 204.1546630859375
001115 0.33846890926361084 94.78412628173828 74.38939666748047 405.5701904296875 254.4142303466797
001115 0.10516877472400665 32.867374420166016 96.0188217163086 344.1466369628906 223.26516723632812
001222 0.11080007255077362 131.2437744140625 107.94132995605469 375.2933349609375 266.7846374511719
001335 0.27439311146736145 65.93035125732422 81.09416198730469 419.9440002441406 264.1961669921875
001359 0.23622958362102509 107.63575744628906 100.99164581298828 420.4901123046875 251.4036102294922
001359 0.10810937732458115 64.28009796142578 72.046630859375 325.568115234375 274.863037109375
001449 0.3777363896369934 102.04236602783203 84.6129379272461 401.78472900390625 222.02171325683594
001503 0.10548687726259232 43.624656677246094 33.79762649536133 453.6260070800781 294.08251953125
001567 0.11471477150917053 75.80665588378906 152.98220825195312 262.80584716796875 364.58221435546875
001578 0.470237135887146 98.87760925292969 61.305973052978516 413.1670227050781 273.23199462890625
001672 0.40823715925216675 100.48404693603516 123.62513732910156 391.2435607910156 267.28448486328125
001770 0.1064264178276062 160.77774047851562 104.27037048339844 335.02374267578125 256.5671081542969
001788 0.6271989345550537 64.57869720458984 74.73870849609375 427.41961669921875 306.9634704589844
001796 0.2591278553009033 56.70549392700195 92.06013488769531 449.2791748046875 286.10009765625
001815 0.10678558051586151 122.05465698242188 123.41342163085938 382.6578369140625 272.41998291015625
002009 0.24581162631511688 134.93458557128906 102.32498168945312 368.9225769042969 266.28912353515625
002066 0.11542869359254837 36.12560272216797 115.12399291992188 246.37840270996094 396.7344055175781
002080 0.29261109232902527 123.99085235595703 71.3485107421875 387.83319091796875 254.21339416503906
002148 0.8118966817855835 29.06088638305664 81.96341705322266 484.3624572753906 315.12213134765625
002206 0.14123299717903137 48.94329833984375 87.66452026367188 343.03558349609375 266.2270202636719
002236 0.8376048803329468 63.39094161987305 41.56242752075195 447.60504150390625 301.7073059082031
002351 0.19649164378643036 63.48685836791992 104.82383728027344 430.0332946777344 290.08941650390625
002418 0.2678586542606354 174.98248291015625 128.21270751953125 315.3328857421875 216.2207489013672
002487 0.3679458498954773 102.09378814697266 58.171852111816406 415.2342529296875 322.805908203125
002521 0.7486036419868469 49.88420104980469 37.90889358520508 479.9010009765625 246.31944274902344
002532 0.2486722618341446 77.81140899658203 136.55813598632812 278.83404541015625 202.6510772705078
002532 0.23736317455768585 244.33645629882812 118.50337982177734 380.477294921875 210.071533203125
002532 0.1467495560646057 153.0493927001953 117.86544036865234 336.18560791015625 208.8914031982422
002532 0.1170070469379425 58.64736557006836 120.61559295654297 165.3013916015625 228.93667602539062
002582 0.33066266775131226 51.640872955322266 95.49590301513672 322.2768859863281 428.9724426269531
002688 0.6316519379615784 59.112327575683594 83.40132904052734 454.3523864746094 310.4089660644531
002771 0.3865964114665985 131.04469299316406 95.98219299316406 368.27740478515625 236.6107177734375
002832 0.136820986866951 98.8287353515625 67.07987976074219 403.8276672363281 228.97454833984375
002832 0.10672754794359207 310.0130920410156 89.63422393798828 469.55792236328125 218.72677612304688
002832 0.10021235048770905 204.2991180419922 83.97779846191406 436.2359313964844 217.06857299804688
002890 0.30792754888534546 48.56431579589844 76.54365539550781 454.66424560546875 288.56341552734375
002898 0.45001983642578125 60.51142883300781 59.196266174316406 442.3390197753906 321.8687744140625
002920 0.1809690296649933 191.82675170898438 144.08143615722656 294.41534423828125 224.58465576171875
002920 0.12290322035551071 139.09434509277344 79.49522399902344 353.51312255859375 211.91580200195312
002929 0.3743360638618469 50.619972229003906 158.43841552734375 322.7788391113281 358.12835693359375
002979 0.11597957462072372 142.5164337158203 96.41635131835938 348.7262878417969 204.92755126953125
002979 0.10322321206331253 81.55195617675781 97.15215301513672 267.8081359863281 217.36289978027344
002998 0.42266398668289185 197.0538787841797 96.6749496459961 440.1859130859375 228.22305297851562
003059 0.42178067564964294 198.56552124023438 112.96761322021484 317.4988098144531 230.8148193359375
003097 0.8136709928512573 21.042457580566406 49.80844497680664 404.0091247558594 253.73719787597656
003203 0.3673657178878784 86.2393798828125 108.1954574584961 414.9703369140625 247.41033935546875
003286 0.5295795798301697 68.90547180175781 104.60740661621094 430.282470703125 285.6914978027344
003302 0.10210257768630981 84.3723373413086 202.27139282226562 196.34495544433594 289.4977111816406
003428 0.6758338212966919 123.67972564697266 84.28638458251953 364.8815002441406 247.18136596679688
003428 0.11647522449493408 351.1427917480469 120.15633392333984 452.2577819824219 222.9608154296875
003428 0.10134099423885345 230.8656463623047 108.0019760131836 404.22784423828125 227.65667724609375
003457 0.34727612137794495 59.50184631347656 88.65018463134766 310.5139465332031 425.3601379394531
003476 0.14343857765197754 129.75465393066406 95.53321075439453 380.2515563964844 283.8656921386719
003498 0.1202668622136116 133.61221313476562 185.51959228515625 358.97808837890625 286.45184326171875
003498 0.11629674583673477 174.79237365722656 147.6234588623047 341.028564453125 239.60520935058594
003547 0.28400278091430664 74.59149932861328 60.24794006347656 425.553955078125 280.1590576171875
003568 0.4208778440952301 68.94833374023438 82.8532943725586 437.86383056640625 377.2451477050781
003601 0.5352343320846558 91.72679901123047 67.96369171142578 421.11029052734375 263.9487609863281
003613 0.3189268112182617 20.85089683532715 50.22547149658203 452.11334228515625 322.6775207519531
003637 0.32270053029060364 141.23077392578125 103.71725463867188 352.22637939453125 242.8016815185547
003637 0.11026366055011749 129.38844299316406 161.57020568847656 371.4350280761719 255.34547424316406
003689 0.11756541579961777 254.7119140625 125.01396179199219 380.7107238769531 198.7782440185547
003689 0.10771259665489197 79.90774536132812 128.12734985351562 284.66741943359375 203.53192138671875
003689 0.10005336254835129 213.01571655273438 119.59314727783203 425.2273864746094 214.97021484375
003710 0.3362853527069092 87.90760040283203 50.86900329589844 417.9410400390625 254.31581115722656
003777 0.2676529586315155 155.729248046875 121.77365112304688 362.1033020019531 215.47291564941406
003829 0.6473761796951294 116.73237609863281 87.8461685180664 374.72406005859375 264.1099548339844
003873 0.14737221598625183 38.41986083984375 68.5188217163086 327.98846435546875 223.64112854003906
003881 0.10327429324388504 114.6055908203125 76.57151794433594 379.53009033203125 261.9935302734375
003883 0.19532431662082672 84.76385498046875 62.914180755615234 381.50579833984375 266.5501403808594
003900 0.1226569414138794 74.65127563476562 76.8243179321289 421.6604919433594 263.6616516113281
003930 0.11309178173542023 98.91600036621094 67.61912536621094 391.9693908691406 273.44830322265625
004001 0.21899569034576416 124.39736938476562 151.1595458984375 221.55789184570312 228.4422149658203
004001 0.11113359779119492 105.46401977539062 132.41720581054688 254.36997985839844 250.42616271972656
004007 0.13142232596874237 161.91775512695312 103.71708679199219 346.52838134765625 228.38475036621094
004182 0.49218687415122986 195.83364868164062 118.43860626220703 296.7301940917969 210.06251525878906
004182 0.260453999042511 166.1602020263672 115.44217681884766 349.3492431640625 220.40162658691406
004235 0.5606330037117004 30.263916015625 51.86695098876953 466.0416564941406 358.5080871582031
004261 0.19734825193881989 215.0583038330078 94.59815216064453 424.3860168457031 224.98141479492188
004324 0.4248984754085541 127.22686767578125 83.6155014038086 378.2919616699219 229.77642822265625
004324 0.2766246497631073 222.67543029785156 112.6971664428711 400.314208984375 221.8806610107422
004324 0.19334018230438232 45.03931427001953 106.75241088867188 304.1387939453125 233.78778076171875
004324 0.14662759006023407 428.0586853027344 118.44035339355469 489.7216491699219 207.37078857421875
004324 0.10340671986341476 330.54876708984375 112.88890838623047 459.8315734863281 225.8578338623047
004388 0.5701324343681335 117.2198715209961 117.13111114501953 388.3263244628906 231.3579559326172
004393 0.13212233781814575 96.11143493652344 169.34864807128906 249.06887817382812 330.45489501953125
004414 0.16634230315685272 195.99822998046875 87.81634521484375 414.37017822265625 240.50694274902344
004483 0.16206179559230804 192.16827392578125 75.49351501464844 416.4732666015625 299.6149597167969
004505 0.18753866851329803 81.40765380859375 69.80189514160156 395.3026428222656 277.0501403808594
004603 0.38209059834480286 132.78395080566406 109.89867401123047 363.4333801269531 212.4010467529297
004624 0.1426253765821457 189.24928283691406 75.14883422851562 426.3046875 255.14422607421875
004638 0.4818551540374756 57.71253967285156 38.123046875 452.5544738769531 157.00482177734375
004663 0.29073378443717957 154.6060333251953 143.5826416015625 350.42572021484375 241.5836639404297
004681 0.16400150954723358 107.00250244140625 56.4367790222168 408.2068786621094 260.7118225097656
004711 0.4528251588344574 164.37901306152344 106.76153564453125 339.8797607421875 260.6529541015625
004751 0.1104499101638794 57.195457458496094 99.4972915649414 328.27789306640625 256.2455749511719
004920 0.23046380281448364 46.57759094238281 28.857934951782227 438.4955749511719 290.0393981933594
004921 0.13561272621154785 91.8297119140625 103.05171966552734 273.4403991699219 351.79998779296875
004921 0.10259154438972473 171.88438415527344 153.94131469726562 303.543212890625 330.7100830078125
004952 0.39901983737945557 122.491455078125 141.83267211914062 221.71307373046875 351.0614013671875
005011 0.13353413343429565 149.45419311523438 171.33810424804688 357.2713623046875 265.5563659667969
005011 0.10733658075332642 148.18841552734375 99.31881713867188 367.9782409667969 242.66098022460938
005013 0.29266032576560974 67.82823944091797 67.90103149414062 442.6438293457031 263.5093078613281
005070 0.18422360718250275 46.02571105957031 66.94873046875 438.52813720703125 302.2557067871094
005095 0.18887721002101898 119.79583740234375 101.0713882446289 374.8779296875 250.7030487060547
005123 0.10928533971309662 55.00541687011719 79.82794952392578 460.1346435546875 232.03848266601562
005154 0.22387899458408356 41.05998992919922 96.754638671875 337.8988037109375 260.5739440917969
005154 0.1003904789686203 125.83308410644531 113.93855285644531 354.000244140625 209.56832885742188
005198 0.14166469871997833 64.4796371459961 63.04584884643555 425.0991516113281 321.147216796875
005240 0.14434221386909485 139.27670288085938 99.8991928100586 360.0966491699219 274.718994140625
005240 0.11139824986457825 99.54109191894531 121.16228485107422 261.2484130859375 257.7960510253906
005243 0.29413604736328125 119.34010314941406 96.18598937988281 390.49273681640625 231.96412658691406
005256 0.23480282723903656 32.48997116088867 45.93760299682617 464.542724609375 289.91241455078125
005280 0.1817971020936966 98.85738372802734 135.5827178955078 246.82232666015625 197.71022033691406
005280 0.11143534630537033 250.57748413085938 127.24517822265625 392.5692138671875 200.7255401611328
005330 0.2086535543203354 145.00616455078125 127.09966278076172 342.6206970214844 212.67274475097656
005359 0.4471105933189392 71.21923065185547 112.27591705322266 283.759765625 366.0643310546875
005390 0.10084345191717148 88.81656646728516 166.68479919433594 273.69476318359375 327.9459533691406
005422 0.6407486200332642 127.1807861328125 106.58207702636719 369.6018371582031 238.2855987548828
005463 0.8115379214286804 41.061790466308594 80.05630493164062 448.8826904296875 249.40000915527344
005504 0.3276935815811157 97.67160034179688 168.9411163330078 396.3571472167969 263.2288818359375
005616 0.159488245844841 121.38341522216797 61.60274887084961 377.7577209472656 148.11282348632812
005626 0.9556615352630615 54.90182113647461 10.456490516662598 478.0608825683594 308.74749755859375
005643 0.3788537383079529 91.74569702148438 96.88642883300781 401.5522155761719 244.08251953125
005659 0.3500743508338928 122.69609069824219 92.99922180175781 391.1798095703125 240.5718994140625
005689 0.5078173279762268 45.70505142211914 35.85678482055664 449.845947265625 347.3283386230469
005690 0.512238621711731 114.29755401611328 114.17179107666016 374.084716796875 209.3031463623047
005751 0.22244134545326233 175.8476104736328 117.1919937133789 339.3852233886719 206.83888244628906
005751 0.10666348040103912 228.90542602539062 121.90968322753906 393.832275390625 210.19615173339844
005837 0.2966589033603668 74.60736083984375 62.36276626586914 409.9550476074219 327.89739990234375
005847 0.3186516761779785 56.10770034790039 39.31840896606445 450.5387878417969 297.70697021484375
005855 0.21462251245975494 218.9468231201172 120.55559539794922 431.5681457519531 234.6678009033203
005855 0.11088398844003677 115.02326965332031 106.11795043945312 256.3314514160156 179.9983673095703
005855 0.10590942949056625 110.87040710449219 68.01577758789062 362.6191101074219 191.58706665039062
005900 0.16097335517406464 174.7926483154297 114.53667449951172 345.6003723144531 264.9101257324219
005933 0.23901861906051636 190.1797637939453 135.77392578125 305.5887451171875 203.89651489257812
005933 0.11418501287698746 226.4742889404297 112.84020233154297 396.8080139160156 227.34713745117188
005999 0.622401773929596 49.530906677246094 65.22846221923828 433.856201171875 291.1197204589844
006008 0.13484150171279907 82.35530090332031 54.58473205566406 451.17620849609375 334.56744384765625
006077 0.11013823002576828 82.54652404785156 100.56238555908203 295.3360290527344 245.1003875732422
006077 0.10248682647943497 181.39761352539062 133.6126251220703 321.1842346191406 207.3617401123047
006127 0.2258320301771164 60.746437072753906 104.05017852783203 313.3590087890625 400.8907775878906
006154 0.19114470481872559 63.91175842285156 117.62171936035156 334.3879699707031 347.34539794921875
006191 0.283462792634964 41.288692474365234 92.84263610839844 319.860595703125 276.9038391113281
006191 0.1423214077949524 145.83644104003906 110.036376953125 345.61083984375 252.0245361328125
006278 0.3815825879573822 37.29061508178711 31.111177444458008 452.09368896484375 337.4744873046875
006356 0.30913588404655457 51.242515563964844 84.8160629272461 458.1572265625 263.5926208496094
006372 0.16505135595798492 176.1426239013672 62.51079177856445 434.6782531738281 299.38287353515625
006410 0.11384667456150055 124.17921447753906 117.96588134765625 378.61041259765625 277.0008544921875
006410 0.10300780087709427 117.3024673461914 164.6270751953125 242.22427368164062 299.4068908691406
006485 0.26691335439682007 214.00363159179688 130.50816345214844 312.31787109375 211.8939666748047
006485 0.12619997560977936 195.3035430908203 106.94819641113281 418.487548828125 223.1719207763672
006600 0.12989884614944458 118.89922332763672 93.56794738769531 252.460693359375 184.24327087402344
006613 0.11512289196252823 88.52106475830078 74.80073547363281 420.0893859863281 264.4468078613281
006669 0.39950573444366455 91.75725555419922 73.4453353881836 422.9726867675781 252.68838500976562
006669 0.2531997561454773 212.36012268066406 97.50531005859375 418.7508239746094 239.2580108642578
006669 0.2506694197654724 414.42633056640625 106.7133560180664 497.9178161621094 221.9695281982422
006669 0.20273227989673615 13.554869651794434 107.48023986816406 75.52531433105469 241.2874298095703
006680 0.313418984413147 43.9530029296875 37.267127990722656 439.7065734863281 346.79986572265625
006715 0.5050235986709595 35.5893669128418 58.3275146484375 336.3904113769531 452.9264831542969
006763 0.5436311960220337 141.13087463378906 94.30968475341797 373.6595458984375 254.57752990722656
007037 0.15089477598667145 99.35179901123047 103.84642791748047 400.3440856933594 237.19610595703125
007142 0.16115255653858185 90.26966857910156 68.96409606933594 422.360107421875 274.4576110839844
007206 0.10929898172616959 77.47927856445312 173.7285919189453 211.07281494140625 342.4714660644531
007226 0.3126195967197418 34.67218780517578 60.01189041137695 463.66229248046875 230.445068359375
007335 0.26042985916137695 117.69075775146484 43.67176055908203 348.93212890625 220.6792755126953
007337 0.13091495633125305 178.3495330810547 184.62937927246094 311.88189697265625 311.6982727050781
007382 0.20411750674247742 153.60797119140625 85.45002746582031 345.11810302734375 254.3568572998047
007387 0.18345147371292114 107.85269927978516 75.7554702758789 397.11016845703125 239.9232177734375
007430 0.4821404814720154 44.33987808227539 42.16123580932617 432.4143981933594 302.47998046875
007488 0.29345300793647766 80.49849700927734 86.26305389404297 433.1651916503906 295.86767578125
007507 0.16216126084327698 276.2010192871094 141.47781372070312 366.6434326171875 222.6472625732422
007581 0.27309098839759827 139.6890106201172 71.42730712890625 373.0071105957031 255.29019165039062
007581 0.10860452055931091 187.38336181640625 95.34912109375 441.27935791015625 232.79774475097656
007686 0.2215145081281662 113.27371978759766 156.731689453125 222.04904174804688 339.74774169921875
007726 0.25733518600463867 40.466556549072266 39.447696685791016 299.1519470214844 453.6606750488281
007737 0.11010238528251648 79.81981658935547 110.47675323486328 304.22943115234375 366.3268737792969
007737 0.10886712372303009 160.37916564941406 151.76699829101562 323.1816101074219 358.2198791503906
007764 0.11537923663854599 83.35736846923828 73.90695190429688 415.14306640625 317.9001770019531
007784 0.1680537313222885 99.22261810302734 43.61231231689453 380.84271240234375 173.29586791992188
007804 0.24803856015205383 57.229026794433594 44.97959899902344 428.8919982910156 290.062255859375
007852 0.1617734432220459 137.4122772216797 148.5805206298828 377.04638671875 274.1532897949219
007861 0.1801958978176117 91.18217468261719 44.379756927490234 427.1224670410156 190.11978149414062
007881 0.5768933892250061 59.61421203613281 64.24600982666016 452.6506652832031 290.19158935546875
007945 0.16816887259483337 70.07781982421875 114.38859558105469 303.8841857910156 277.16595458984375
007990 0.10525516420602798 55.88388442993164 62.63544845581055 443.30755615234375 263.3457946777344
008092 0.12248396873474121 122.88999938964844 115.42007446289062 391.7710876464844 224.0214080810547
008154 0.3078027069568634 77.1991195678711 105.02447509765625 412.0678405761719 235.12489318847656
008194 0.2639613449573517 189.65179443359375 78.35552978515625 423.63201904296875 310.7500305175781
008217 0.14267808198928833 111.6243667602539 95.43151092529297 244.01614379882812 187.2537384033203
008234 0.6194952726364136 76.28085327148438 109.16212463378906 408.21466064453125 275.4833984375
008237 0.1698378026485443 85.26350402832031 58.170570373535156 305.8096008300781 242.283447265625
008247 0.48283126950263977 48.437835693359375 46.96497344970703 461.18511962890625 288.06982421875
008266 0.42074984312057495 72.89700317382812 67.35477447509766 446.22503662109375 286.697998046875
008286 0.14933227002620697 86.64855194091797 174.82339477539062 265.85467529296875 308.4083251953125
008308 0.12056205421686172 181.06019592285156 132.0915985107422 320.511962890625 203.93453979492188
008331 0.3953067362308502 96.71393585205078 59.54095458984375 414.5996398925781 318.0473327636719
008333 0.3058597147464752 48.743350982666016 71.87139129638672 432.3678894042969 315.5959167480469
008339 0.1168537363409996 166.98745727539062 144.10244750976562 333.5949401855469 227.80259704589844
008435 0.4110855758190155 162.8768310546875 119.04273986816406 339.7928161621094 233.10166931152344
008473 0.19885119795799255 95.57410430908203 54.025535583496094 428.29656982421875 287.6527099609375
008500 0.5401560068130493 52.0013313293457 50.37267303466797 389.42578125 189.96702575683594
008531 0.5610402226448059 129.9395294189453 76.71183776855469 370.43182373046875 265.2870178222656
008560 0.18655408918857574 149.3634033203125 120.79147338867188 354.03753662109375 229.10009765625
008560 0.13278484344482422 81.87989044189453 98.75346374511719 296.9987487792969 246.39305114746094
008580 0.3060173988342285 123.15460205078125 86.9171142578125 397.82232666015625 259.05047607421875
008580 0.14326675236225128 195.24105834960938 138.2322235107422 422.6889953613281 277.6206359863281
008672 0.14631909132003784 159.86241149902344 111.27152252197266 334.3476867675781 218.18052673339844
008677 0.16598600149154663 177.09548950195312 66.40435791015625 444.99078369140625 260.27923583984375
008712 0.522303581237793 108.7667236328125 114.01512145996094 382.96636962890625 221.1259765625
008712 0.10796912759542465 261.7593688964844 124.41411590576172 382.51611328125 214.94403076171875
008712 0.10357517004013062 212.5347442626953 93.69208526611328 413.1573486328125 234.6148681640625
008734 0.12481190264225006 115.87600708007812 69.09781646728516 420.9066162109375 301.4980773925781
008743 0.2561728358268738 142.30990600585938 81.037353515625 354.98968505859375 245.33444213867188
008855 0.5243697762489319 44.12409210205078 91.49527740478516 290.3464660644531 404.99652099609375
008893 0.8400123715400696 106.40929412841797 101.25370025634766 386.58935546875 214.50820922851562
008893 0.1244126483798027 344.8623046875 120.75675201416016 466.874755859375 207.61807250976562
008893 0.1205754429101944 407.691162109375 122.63726806640625 497.9096984863281 199.79432678222656
009011 0.2721465528011322 71.82069396972656 92.2889404296875 429.4967041015625 271.70440673828125
009124 0.11853348463773727 184.89881896972656 92.5132827758789 311.93194580078125 246.2263946533203
009134 0.2098095715045929 88.04008483886719 92.70325469970703 410.94378662109375 296.8511047363281
009203 0.19814257323741913 47.118812561035156 66.454345703125 448.5208740234375 282.2439270019531
009220 0.22211132943630219 96.0190658569336 59.14596176147461 408.1805114746094 297.5489196777344
009260 0.27856582403182983 84.54136657714844 110.64657592773438 405.1432189941406 277.37481689453125
009372 0.22963130474090576 64.80042266845703 93.03553771972656 427.5716247558594 259.3326416015625
009399 0.4130719006061554 85.35663604736328 56.65235137939453 425.8282165527344 285.3974304199219
009436 0.12753519415855408 125.18877410888672 111.54026794433594 361.2009582519531 243.32220458984375
009501 0.20348991453647614 206.971923828125 110.49983978271484 318.358154296875 236.87716674804688
009506 0.19360141456127167 56.71195602416992 64.47145080566406 448.0708923339844 271.9228820800781
009548 0.42387309670448303 109.29080963134766 136.2886962890625 268.23101806640625 345.72100830078125
009548 0.19891411066055298 155.8704376220703 161.1840362548828 311.3934020996094 336.36602783203125
009625 0.3751920163631439 51.7014045715332 86.33360290527344 279.6221923828125 432.4790344238281
009643 0.20279571413993835 128.31524658203125 177.09127807617188 254.86378479003906 287.8974609375
009643 0.16468922793865204 88.75733947753906 178.50067138671875 302.9214782714844 323.1697082519531
009682 0.17531631886959076 173.80889892578125 76.99968719482422 457.795654296875 251.43775939941406
009682 0.13082854449748993 194.2949981689453 147.5432586669922 416.369384765625 255.565185546875
009725 0.1386728584766388 152.130126953125 120.569580078125 349.1183776855469 257.9587707519531
009751 0.40929362177848816 71.56378173828125 56.82463073730469 427.1370544433594 320.1624450683594
009784 0.4304090440273285 46.35498046875 62.73811721801758 460.80340576171875 345.316650390625
009806 0.2111055552959442 89.28203582763672 58.028839111328125 421.7613525390625 288.4507141113281
009827 0.34154048562049866 423.6079406738281 143.81690979003906 480.0777893066406 204.40463256835938
009827 0.21864314377307892 85.94596862792969 103.26338958740234 305.77655029296875 247.76316833496094
009844 0.5472978949546814 98.32778930664062 53.22764587402344 405.34161376953125 308.4306335449219
009864 0.18208865821361542 171.98765563964844 114.63495635986328 330.5574951171875 264.98211669921875
009864 0.13283571600914001 91.3807144165039 123.11225128173828 257.0429382324219 262.64923095703125
009864 0.10500962287187576 145.79331970214844 181.303466796875 345.1989440917969 294.3216552734375
