000397 0.11296751350164413 152.99636840820312 188.81739807128906 215.07122802734375 281.0084228515625
000510 0.1302822083234787 118.49508666992188 84.96642303466797 230.21055603027344 163.85716247558594
000813 0.11556129902601242 64.3028335571289 69.02046966552734 368.7886657714844 430.1524353027344
000953 0.10512755066156387 277.3898010253906 101.48190307617188 381.4393310546875 168.53575134277344
001029 0.15521769225597382 34.63162612915039 36.690677642822266 472.2768859863281 348.2739562988281
001039 0.23292070627212524 189.70339965820312 126.35446166992188 321.0696716308594 232.71287536621094
001039 0.1133599653840065 250.9515380859375 111.9049301147461 382.7218322753906 261.110595703125
001081 0.1937766671180725 188.6400146484375 124.60887145996094 311.5451354980469 235.74676513671875
001081 0.12913207709789276 115.540283203125 127.40379333496094 254.11546325683594 243.6473846435547
001081 0.10010531544685364 105.18555450439453 93.20196533203125 236.80984497070312 186.6366424560547
001138 0.13385233283042908 113.62089538574219 133.5879669189453 243.16619873046875 228.03794860839844
001363 0.1363900750875473 160.3784637451172 102.8451156616211 333.4430236816406 257.3619384765625
001367 0.25272682309150696 199.09536743164062 65.69482421875 322.1047058105469 226.1705322265625
001367 0.16895633935928345 116.09332275390625 101.13209533691406 215.45413208007812 184.22508239746094
001367 0.1540064662694931 122.26932525634766 63.24655532836914 351.0711364746094 190.18060302734375
001551 0.18599243462085724 177.05548095703125 75.54950714111328 313.2598571777344 170.45211791992188
001704 0.14384934306144714 154.2541961669922 64.34550476074219 368.296142578125 215.52786254882812
001715 0.11245913058519363 185.15452575683594 137.80677795410156 311.3497314453125 228.95602416992188
001742 0.11679709702730179 110.13321685791016 91.81864166259766 245.09060668945312 250.25942993164062
001742 0.10394558310508728 122.72948455810547 149.7985076904297 242.69656372070312 304.6246337890625
001811 0.19999578595161438 187.69796752929688 150.1780548095703 315.4937438964844 224.9427032470703
001961 0.17246980965137482 58.22899627685547 143.8103790283203 155.40420532226562 237.45663452148438
002062 0.22457320988178253 153.60865783691406 112.28851318359375 348.7310791015625 253.051513671875
002093 0.10546226799488068 147.70425415039062 65.73814392089844 324.23919677734375 164.09165954589844
002258 0.26070547103881836 170.5337371826172 117.41535186767578 342.48406982421875 256.9627380371094
002356 0.1815427988767624 181.86532592773438 113.34800720214844 328.5189514160156 237.93630981445312
002356 0.10136145353317261 142.091796875 98.87866973876953 356.0582275390625 275.85186767578125
002394 0.11046858131885529 125.06298065185547 93.71086883544922 247.5127716064453 246.5673370361328
002394 0.10993581265211105 127.95278930664062 140.98521423339844 261.74114990234375 343.8542785644531
002601 0.1154250055551529 154.36500549316406 67.8102798461914 345.0625 181.52027893066406
002617 0.18083353340625763 193.8114776611328 134.1097869873047 290.9395446777344 220.83795166015625
002724 0.11566860973834991 344.405517578125 147.93621826171875 434.7184753417969 238.2913360595703
002850 0.1356123387813568 150.33013916015625 105.16191101074219 344.41412353515625 243.51193237304688
002850 0.1052863672375679 346.6276550292969 124.1933822631836 450.7052917480469 236.68600463867188
002902 0.16982917487621307 85.16353607177734 125.78130340576172 296.7168273925781 348.3608093261719
002902 0.13244841992855072 120.38192749023438 108.50574493408203 264.37353515625 276.0302429199219
002907 0.10754787921905518 262.8464050292969 123.49530792236328 391.94268798828125 256.31072998046875
002951 0.19140177965164185 164.9088592529297 111.54887390136719 340.9389343261719 255.82212829589844
002951 0.13857901096343994 140.39883422851562 149.39166259765625 235.11195373535156 227.44252014160156
003115 0.10911740362644196 8.099228858947754 79.48148345947266 83.9331283569336 193.95799255371094
003248 0.14880305528640747 144.38040161132812 104.43565368652344 309.91204833984375 372.2778625488281
003418 0.10603510588407516 138.311279296875 180.01707458496094 235.5865478515625 312.9304504394531
003495 0.10216977447271347 145.8173065185547 202.066650390625 221.18484497070312 296.7525329589844
003507 0.20461615920066833 185.50840759277344 109.27456665039062 322.5194091796875 255.93576049804688
003590 0.20068781077861786 210.46389770507812 108.83036804199219 319.06475830078125 248.06410217285156
003686 0.2881600260734558 101.97724914550781 69.30744934082031 409.3070068359375 311.1845397949219
003757 0.10387026518583298 135.40045166015625 106.72321319580078 222.90585327148438 187.8279571533203
003801 0.4554319381713867 68.23686981201172 49.191009521484375 432.5978088378906 285.6156005859375
003802 0.10952198505401611 98.0240249633789 187.84109497070312 266.5999755859375 296.49005126953125
003909 0.2618320882320404 182.28704833984375 112.30938720703125 313.4103698730469 208.09967041015625
003909 0.25729355216026306 137.05972290039062 125.23330688476562 234.11981201171875 196.2026824951172
003909 0.2376502901315689 255.7342529296875 109.86280059814453 375.868896484375 212.85140991210938
003909 0.12792634963989258 341.68499755859375 122.57659149169922 454.91815185546875 211.35704040527344
004053 0.15312202274799347 192.76702880859375 124.90645599365234 317.6852722167969 209.1510772705078
004098 0.10247194766998291 263.3507385253906 76.03453826904297 383.54852294921875 166.7400360107422
004418 0.10399162024259567 33.17970657348633 167.72459411621094 109.30754089355469 346.0303955078125
004534 0.21904203295707703 198.1383056640625 152.9806365966797 286.8005065917969 222.13931274414062
004559 0.11862347275018692 343.1941833496094 114.69699096679688 457.15087890625 215.28050231933594
004717 0.13529956340789795 178.69041442871094 231.30018615722656 300.0709533691406 405.79498291015625
004781 0.1103060394525528 176.5321502685547 101.50804138183594 317.8092956542969 214.96466064453125
005059 0.15677815675735474 58.95698165893555 113.45744323730469 295.42083740234375 245.83187866210938
005178 0.28237903118133545 99.21688079833984 70.40870666503906 409.2086181640625 305.2298583984375
005180 0.16468492150306702 159.95053100585938 205.09132385253906 225.79513549804688 316.8216247558594
005266 0.10629544407129288 247.65618896484375 76.97181701660156 404.3375549316406 190.6477813720703
005313 0.19343794882297516 241.121337890625 65.72122192382812 393.7050476074219 185.87814331054688
005587 0.16060765087604523 259.1241760253906 116.2583999633789 394.1952209472656 243.3876953125
005587 0.15025271475315094 170.4046630859375 111.14702606201172 322.1394348144531 254.7850799560547
005587 0.13895007967948914 126.03168487548828 132.5010223388672 247.41607666015625 246.4712371826172
005587 0.1000320240855217 102.0125503540039 78.19808959960938 247.27488708496094 191.33273315429688
005739 0.13373896479606628 109.15933990478516 78.14285278320312 408.1290588378906 299.5191650390625
005898 0.1317790448665619 55.43387985229492 143.07237243652344 142.56507873535156 252.00877380371094
005898 0.10727192461490631 213.65396118164062 149.91970825195312 297.545654296875 209.44349670410156
005902 0.16185827553272247 117.52162170410156 113.24995422363281 265.5929260253906 251.14239501953125
005902 0.11933186650276184 38.02057647705078 120.55906677246094 161.67916870117188 268.5547180175781
005935 0.10018941015005112 189.27505493164062 139.7454376220703 299.9747619628906 235.82467651367188
006116 0.37186577916145325 167.66787719726562 124.003173828125 325.96221923828125 208.028076171875
006293 0.16800588369369507 95.69380950927734 67.23470306396484 245.94970703125 180.06845092773438
006293 0.13401034474372864 158.01951599121094 60.022621154785156 325.27435302734375 160.8418426513672
006307 0.23226848244667053 76.8602294921875 39.3986930847168 280.55096435546875 142.40823364257812
006308 0.1127176359295845 73.69678497314453 130.6237030029297 186.46722412109375 237.74020385742188
006630 0.11553438752889633 283.38055419921875 87.0500259399414 379.1023864746094 180.5467071533203
006630 0.10769189894199371 117.62118530273438 90.6715316772461 240.18914794921875 182.9204559326172
006676 0.21181361377239227 201.6291046142578 152.93521118164062 293.0393981933594 220.9402618408203
006798 0.15514929592609406 160.93331909179688 131.99517822265625 315.4827880859375 386.3382873535156
006798 0.10569389909505844 119.91694641113281 69.46041870117188 256.18365478515625 312.5868225097656
006984 0.10672668367624283 100.63887786865234 84.60269927978516 179.98890686035156 143.0226593017578
007057 0.11942995339632034 204.54971313476562 102.1260757446289 292.85223388671875 261.0969543457031
007196 0.3538726568222046 111.97559356689453 74.79998779296875 392.7826232910156 264.3216552734375
007520 0.11421419680118561 132.37278747558594 109.23126983642578 359.1002197265625 253.15155029296875
007564 0.1421428769826889 235.00526428222656 105.42853546142578 331.9015197753906 215.68328857421875
007564 0.10052798688411713 108.52428436279297 101.03836822509766 208.18942260742188 219.3600311279297
007722 0.19792364537715912 209.1750030517578 142.0205078125 288.4487609863281 231.4197235107422
007816 0.11845078319311142 188.6240234375 112.69892883300781 313.6248779296875 215.21432495117188
007835 0.2749592959880829 145.07337951660156 126.63571166992188 232.1864776611328 197.23495483398438
007835 0.1426185667514801 125.06993865966797 86.78204345703125 221.8690185546875 163.3563232421875
007835 0.13019460439682007 359.5292053222656 127.56446838378906 448.7528381347656 210.4958038330078
007835 0.12092628329992294 183.85940551757812 119.3354263305664 301.58905029296875 206.48004150390625
007937 0.11715290695428848 142.92462158203125 92.69165802001953 349.31915283203125 280.2093505859375
007982 0.2345731109380722 180.64015197753906 105.69834899902344 306.7518005371094 173.40562438964844
008050 0.3012860417366028 170.6615753173828 123.98422241210938 324.7579040527344 237.65570068359375
008050 0.11732708662748337 114.62054443359375 145.8587188720703 246.2822723388672 235.82957458496094
008277 0.14003399014472961 69.05660247802734 52.22212600708008 235.1747283935547 160.32142639160156
008277 0.12405181676149368 216.27261352539062 56.50498962402344 375.0155029296875 160.49850463867188
008288 0.11929896473884583 257.94818115234375 87.76402282714844 386.780029296875 190.0052490234375
008291 0.13245266675949097 114.39373016357422 41.66409683227539 404.8002014160156 314.2823181152344
008561 0.11179625242948532 150.0300750732422 68.27137756347656 360.06744384765625 220.78201293945312
008561 0.10044579952955246 113.89665985107422 91.54105377197266 232.7252655029297 178.41087341308594
008611 0.21306033432483673 344.7576599121094 82.77303314208984 446.3788146972656 146.1271209716797
008659 0.13322928547859192 146.01272583007812 105.20249938964844 365.02099609375 220.10244750976562
008675 0.24292787909507751 109.05001831054688 50.36959457397461 421.8992004394531 313.3241271972656
008887 0.2987319529056549 150.7041778564453 99.72366333007812 337.7402038574219 274.7984924316406
008991 0.20368538796901703 278.4079895019531 89.8822021484375 383.93896484375 176.47384643554688
009154 0.11308521032333374 251.0312957763672 52.51873779296875 371.6256408691406 169.8336944580078
009165 0.15023142099380493 117.43180084228516 97.42390441894531 226.47459411621094 185.7356414794922
009165 0.10970153659582138 147.89874267578125 103.3304672241211 371.7196044921875 266.7559814453125
009217 0.15004786849021912 159.90525817871094 62.172142028808594 347.48858642578125 191.61122131347656
009217 0.1045251116156578 120.81204223632812 65.22941589355469 236.74925231933594 173.05316162109375
009217 0.10264144837856293 100.09140014648438 105.0059814453125 268.8402099609375 223.43463134765625
009319 0.1073138415813446 81.71673583984375 74.74766540527344 412.9463195800781 424.9251708984375
009353 0.12325118482112885 344.7831726074219 104.50869750976562 448.4680480957031 216.7745361328125
009357 0.14165587723255157 176.1664276123047 171.16636657714844 334.4695739746094 287.0205993652344
009630 0.1520622968673706 189.33438110351562 130.43080139160156 309.0758972167969 248.85247802734375
009631 0.22291675209999084 271.8484191894531 74.99327087402344 391.92919921875 159.38719177246094
009631 0.13468244671821594 197.2346649169922 116.6101303100586 302.2833251953125 203.2122344970703
009690 0.2505771815776825 185.87318420410156 112.09000396728516 314.060791015625 219.0994415283203
009690 0.1483602672815323 114.3991470336914 116.0768814086914 247.07997131347656 215.60205078125
009906 0.12411295622587204 169.0592041015625 78.12281799316406 342.0728454589844 214.45985412597656
